-0.440
-0.470
-0.490
-0.530
-0.550
-0.550
-0.530
-0.510
-0.490
-0.470
-0.480
-0.490
-0.520
-0.520
-0.550
-0.570
-0.580
-0.580
-0.580
-0.600
-0.610
-0.630
-0.660
-0.670
-0.680
-0.680
-0.680
-0.670
-0.670
-0.670
-0.700
-0.700
-0.700
-0.680
-0.670
-0.650
-0.630
-0.620
-0.620
-0.620
-0.630
-0.650
-0.650
-0.660
-0.650
-0.650
-0.630
-0.630
-0.610
-0.610
-0.610
-0.610
-0.610
-0.610
-0.600
-0.610
-0.620
-0.620
-0.630
-0.630
-0.630
-0.630
-0.630
-0.630
-0.620
-0.610
-0.610
-0.600
-0.580
-0.580
-0.570
-0.570
-0.570
-0.570
-0.570
-0.560
-0.570
-0.580
-0.600
-0.610
-0.610
-0.610
-0.610
-0.610
-0.600
-0.580
-0.570
-0.560
-0.550
-0.530
-0.520
-0.510
-0.520
-0.520
-0.510
-0.510
-0.490
-0.490
-0.480
-0.470
-0.480
-0.480
-0.480
-0.470
-0.460
-0.440
-0.430
-0.420
-0.410
-0.410
-0.410
-0.410
-0.410
-0.410
-0.390
-0.390
-0.390
-0.380
-0.380
-0.380
-0.380
-0.380
-0.380
-0.380
-0.380
-0.380
-0.380
-0.370
-0.360
-0.340
-0.320
-0.310
-0.310
-0.290
-0.270
-0.260
-0.230
-0.190
-0.150
-0.150
-0.150
-0.150
-0.150
-0.150
-0.150
-0.150
-0.150
-0.140
-0.140
-0.130
-0.130
-0.130
-0.130
-0.140
-0.140
-0.150
-0.150
-0.170
-0.180
-0.180
-0.170
-0.170
-0.170
-0.180
-0.180
-0.180
-0.190
-0.190
-0.200
-0.190
-0.190
-0.190
-0.190
-0.180
-0.170
-0.150
-0.150
-0.140
-0.130
-0.100
-0.090
-0.080
-0.060
-0.060
-0.050
-0.050
-0.050
-0.050
-0.030
0.000
0.000
0.030
0.050
0.090
0.140
0.190
0.230
0.280
0.330
0.400
0.460
0.550
0.630
0.680
0.690
0.730
0.740
0.740
0.730
0.720
0.680
0.650
0.630
0.600
0.580
0.550
0.550
0.550
0.550
0.550
0.550
0.550
0.550
0.570
0.580
0.600
0.630
0.640
0.650
0.680
0.680
0.690
0.690
0.690
0.680
0.680
0.680
0.670
0.670
0.670
0.650
0.650
0.670
0.680
0.690
0.720
0.720
0.720
0.720
0.690
0.680
0.680
0.680
0.680
0.690
0.730
0.740
0.760
0.770
0.780
0.790
0.830
0.860
0.870
0.900
0.910
0.930
0.900
0.880
0.860
0.830
0.790
0.790
0.790
0.790
0.790
0.790
0.820
0.830
0.840
0.870
0.910
0.950
0.970
0.980
1.000
1.010
1.010
1.050
1.060
1.090
1.110
1.130
1.140
1.160
1.190
1.200
1.210
1.230
1.280
1.300
1.320
1.340
1.350
1.350
1.400
1.420
1.470
1.470
1.470
1.440
1.420
1.380
1.320
1.250
1.190
1.130
1.050
0.980
0.930
0.860
0.780
0.720
0.650
0.600
0.550
0.500
0.440
0.400
0.330
0.290
0.250
0.190
0.130
0.080
0.030
0.000
-0.050
-0.090
-0.140
-0.190
-0.270
-0.330
-0.400
-0.480
-0.560
-0.620
-0.660
-0.670
-0.700
-0.700
-0.680
-0.670
-0.660
-0.630
-0.630
-0.660
-0.680
-0.680
-0.700
-0.680
-0.660
-0.650
-0.650
-0.660
-0.660
-0.670
-0.670
-0.680
-0.700
-0.700
-0.710
-0.700
-0.680
-0.670
-0.680
-0.680
-0.680
-0.680
-0.700
-0.680
-0.670
-0.660
-0.630
-0.610
-0.580
-0.560
-0.510
-0.470
-0.440
-0.430
-0.430
-0.440
-0.460
-0.480
-0.490
-0.510
-0.520
-0.550
-0.560
-0.570
-0.570
-0.570
-0.560
-0.550
-0.530
-0.520
-0.530
-0.530
-0.520
-0.520
-0.510
-0.480
-0.470
-0.460
-0.460
-0.460
-0.460
-0.460
-0.480
-0.490
-0.490
-0.490
-0.490
-0.490
-0.490
-0.490
-0.490
-0.480
-0.480
-0.480
-0.470
-0.470
-0.480
-0.480
-0.490
-0.480
-0.480
-0.470
-0.470
-0.470
-0.480
-0.480
-0.480
-0.480
-0.490
-0.490
-0.490
-0.490
-0.490
-0.490
-0.480
-0.480
-0.470
-0.460
-0.440
-0.430
-0.420
-0.420
-0.410
-0.410
-0.420
-0.420
-0.460
-0.480
-0.490
-0.510
-0.510
-0.490
-0.480
-0.470
-0.440
-0.430
-0.420
-0.420
-0.420
-0.420
-0.420
-0.430
-0.430
-0.430
-0.440
-0.430
-0.440
-0.430
-0.440
-0.430
-0.430
-0.430
-0.430
-0.420
-0.420
-0.420
-0.410
-0.420
-0.410
-0.410
-0.410
-0.410
-0.420
-0.420
-0.410
-0.410
-0.410
-0.390
-0.390
-0.390
-0.390
-0.390
-0.410
-0.390
-0.390
-0.390
-0.380
-0.380
-0.370
-0.370
-0.360
-0.340
-0.340
-0.340
-0.340
-0.330
-0.330
-0.310
-0.280
-0.270
-0.270
-0.270
-0.290
-0.310
-0.310
-0.310
-0.290
-0.290
-0.280
-0.270
-0.270
-0.270
-0.260
-0.260
-0.260
-0.270
-0.270
-0.280
-0.280
-0.270
-0.270
-0.270
-0.270
-0.280
-0.280
-0.290
-0.280
-0.280
-0.280
-0.270
-0.270
-0.260
-0.260
-0.260
-0.260
-0.240
-0.240
-0.240
-0.230
-0.230
-0.220
-0.190
-0.170
-0.150
-0.130
-0.090
-0.060
-0.030
0.000
0.040
0.080
0.130
0.180
0.230
0.290
0.360
0.420
0.470
0.520
0.550
0.600
0.630
0.650
0.690
0.720
0.730
0.730
0.720
0.690
0.690
0.690
0.690
0.690
0.690
0.720
0.720
0.720
0.730
0.730
0.730
0.730
0.730
0.730
0.720
0.720
0.720
0.720
0.720
0.720
0.690
0.690
0.680
0.680
0.670
0.670
0.670
0.670
0.650
0.650
0.640
0.630
0.620
0.600
0.620
0.630
0.630
0.640
0.650
0.650
0.650
0.640
0.630
0.620
0.600
0.620
0.630
0.640
0.650
0.680
0.680
0.690
0.720
0.740
0.760
0.760
0.760
0.760
0.760
0.760
0.760
0.740
0.730
0.680
0.640
0.620
0.600
0.580
0.570
0.580
0.580
0.580
0.570
0.570
0.550
0.550
0.550
0.540
0.540
0.540
0.540
0.540
0.550
0.550
0.550
0.550
0.520
0.510
0.510
0.500
0.470
0.470
0.460
0.460
0.460
0.450
0.450
0.450
0.440
0.420
0.410
0.370
0.360
0.350
0.310
0.260
0.230
0.190
0.140
0.120
0.080
0.050
0.000
0.000
-0.040
-0.080
-0.100
-0.140
-0.170
-0.220
-0.270
-0.290
-0.330
-0.340
-0.370
-0.400
-0.450
-0.520
-0.560
-0.570
-0.580
-0.600
-0.580
-0.570
-0.560
-0.550
-0.550
-0.530
-0.530
-0.520
-0.520
-0.530
-0.530
-0.550
-0.560
-0.560
-0.550
-0.550
-0.550
-0.550
-0.550
-0.550
-0.550
-0.550
-0.550
-0.550
-0.550
-0.530
-0.520
-0.520
-0.520
-0.520
-0.530
-0.530
-0.530
-0.510
-0.490
-0.480
-0.470
-0.470
-0.460
-0.470
-0.470
-0.460
-0.440
-0.430
-0.430
-0.420
-0.420
-0.410
-0.410
-0.390
-0.380
-0.380
-0.380
-0.380
-0.380
-0.370
-0.360
-0.360
-0.370
-0.410
-0.430
-0.460
-0.470
-0.480
-0.490
-0.510
-0.510
-0.510
-0.510
-0.510
-0.510
-0.510
-0.490
-0.510
-0.510
-0.510
-0.510
-0.510
-0.510
-0.510
-0.510
-0.510
-0.520
-0.520
-0.520
-0.520
-0.510
-0.510
-0.490
-0.490
-0.480
-0.470
-0.460
-0.460
-0.440
-0.430
-0.420
-0.390
-0.380
-0.370
-0.370
-0.360
-0.370
-0.370
-0.370
-0.370
-0.370
-0.370
-0.360
-0.340
-0.340
-0.330
-0.320
-0.310
-0.290
-0.290
-0.280
-0.280
-0.270
-0.260
-0.230
-0.220
-0.230
-0.240
-0.260
-0.270
-0.280
-0.280
-0.280
-0.280
-0.270
-0.260
-0.260
-0.240
-0.230
-0.230
-0.230
-0.230
-0.230
-0.240
-0.240
-0.230
-0.220
-0.220
-0.230
-0.230
-0.240
-0.240
-0.240
-0.230
-0.220
-0.200
-0.200
-0.180
-0.170
-0.170
-0.150
-0.150
-0.150
-0.150
-0.150
-0.150
-0.150
-0.150
-0.150
-0.150
-0.170
-0.180
-0.190
-0.200
-0.220
-0.220
-0.220
-0.230
-0.230
-0.220
-0.200
-0.200
-0.190
-0.190
-0.170
-0.150
-0.150
-0.110
-0.050
0.000
0.030
0.050
0.080
0.120
0.180
0.230
0.280
0.320
0.360
0.410
0.450
0.510
0.550
0.570
0.600
0.620
0.630
0.640
0.670
0.680
0.720
0.730
0.740
0.760
0.760
0.770
0.770
0.770
0.770
0.770
0.770
0.760
0.760
0.740
0.740
0.730
0.730
0.740
0.760
0.780
0.790
0.830
0.830
0.830
0.820
0.790
0.770
0.740
0.730
0.720
0.680
0.680
0.680
0.680
0.680
0.680
0.670
0.670
0.670
0.670
0.680
0.690
0.730
0.740
0.760
0.760
0.730
0.720
0.690
0.690
0.680
0.670
0.670
0.670
0.650
0.650
0.650
0.630
0.630
0.620
0.580
0.580
0.550
0.550
0.550
0.550
0.550
0.550
0.550
0.540
0.520
0.510
0.470
0.470
0.470
0.470
0.470
0.470
0.460
0.470
0.470
0.470
0.500
0.500
0.500
0.500
0.470
0.460
0.450
0.450
0.440
0.420
0.420
0.410
0.400
0.410
0.400
0.370
0.360
0.320
0.290
0.250
0.210
0.170
0.130
0.090
0.050
0.030
-0.030
-0.080
-0.150
-0.200
-0.270
-0.300
-0.340
-0.380
-0.420
-0.440
-0.450
-0.480
-0.490
-0.490
-0.510
-0.520
-0.520
-0.530
-0.550
-0.550
-0.550
-0.550
-0.550
-0.550
-0.550
-0.560
-0.550
-0.550
-0.560
-0.560
-0.570
-0.580
-0.610
-0.610
-0.620
-0.620
-0.620
-0.610
-0.610
-0.580
-0.570
-0.560
-0.550
-0.550
-0.550
-0.550
-0.560
-0.560
-0.560
-0.570
-0.560
-0.560
-0.550
-0.550
-0.530
-0.520
-0.510
-0.510
-0.490
-0.490
-0.480
-0.470
-0.460
-0.440
-0.470
-0.510
-0.550
-0.570
-0.600
-0.610
-0.610
-0.620
-0.610
-0.610
-0.610
-0.600
-0.610
-0.600
-0.600
-0.580
-0.580
-0.600
-0.580
-0.570
-0.560
-0.550
-0.550
-0.550
-0.550
-0.530
-0.550
-0.530
-0.520
-0.510
-0.490
-0.470
-0.470
-0.440
-0.430
-0.420
-0.410
-0.410
-0.390
-0.380
-0.370
-0.360
-0.340
-0.340
-0.330
-0.340
-0.340
-0.340
-0.360
-0.370
-0.370
-0.370
-0.370
-0.370
-0.370
-0.360
-0.360
-0.340
-0.340
-0.330
-0.310
-0.280
-0.260
-0.240
-0.240
-0.240
-0.260
-0.270
-0.270
-0.280
-0.280
-0.270
-0.280
-0.270
-0.260
-0.260
-0.260
-0.270
-0.270
-0.280
-0.290
-0.310
-0.310
-0.310
-0.310
-0.320
-0.340
-0.360
-0.370
-0.370
-0.360
-0.360
-0.330
-0.330
-0.310
-0.280
-0.280
-0.270
-0.260
-0.260
-0.260
-0.240
-0.230
-0.220
-0.200
-0.200
-0.200
-0.200
-0.190
-0.190
-0.190
-0.180
-0.150
-0.150
-0.130
-0.100
-0.080
-0.060
-0.040
-0.030
-0.040
-0.050
-0.060
-0.080
-0.090
-0.080
-0.050
-0.050
-0.050
-0.050
-0.050
-0.040
-0.030
0.000
0.030
0.080
0.090
0.120
0.130
0.170
0.180
0.210
0.230
0.260
0.280
0.310
0.360
0.420
0.460
0.500
0.510
0.520
0.540
0.550
0.550
0.550
0.550
0.570
0.600
0.630
0.650
0.670
0.680
0.690
0.720
0.730
0.760
0.780
0.820
0.840
0.860
0.860
0.840
0.820
0.780
0.760
0.730
0.690
0.680
0.680
0.670
0.670
0.670
0.670
0.680
0.690
0.720
0.740
0.760
0.790
0.830
0.860
0.840
0.790
0.760
0.730
0.690
0.680
0.680
0.680
0.680
0.680
0.670
0.650
0.640
0.640
0.650
0.670
0.670
0.670
0.650
0.640
0.640
0.630
0.630
0.630
0.620
0.620
0.620
0.630
0.640
0.640
0.630
0.620
0.600
0.580
0.580
0.600
0.620
0.630
0.630
0.630
0.620
0.600
0.580
0.600
0.620
0.620
0.620
0.620
0.600
0.570
0.570
0.550
0.570
0.580
0.580
0.580
0.600
0.600
0.580
0.580
0.580
0.570
0.570
0.550
0.520
0.470
0.410
0.350
0.310
0.260
0.210
0.140
0.100
0.080
0.050
0.000
-0.030
-0.080
-0.130
-0.150
-0.190
-0.240
-0.280
-0.290
-0.320
-0.340
-0.370
-0.400
-0.440
-0.480
-0.530
-0.550
-0.570
-0.600
-0.610
-0.620
-0.610
-0.610
-0.600
-0.580
-0.560
-0.550
-0.530
-0.530
-0.530
-0.550
-0.570
-0.570
-0.600
-0.610
-0.620
-0.620
-0.620
-0.630
-0.630
-0.630
-0.630
-0.630
-0.620
-0.620
-0.620
-0.620
-0.620
-0.610
-0.600
-0.570
-0.560
-0.550
-0.560
-0.570
-0.580
-0.580
-0.580
-0.580
-0.580
-0.570
-0.570
-0.560
-0.560
-0.550
-0.550
-0.530
-0.550
-0.560
-0.560
-0.560
-0.550
-0.560
-0.560
-0.570
-0.570
-0.580
-0.580
-0.580
-0.570
-0.570
-0.570
-0.560
-0.560
-0.560
-0.550
-0.560
-0.550
-0.550
-0.550
-0.550
-0.550
-0.550
-0.560
-0.560
-0.570
-0.570
-0.570
-0.580
-0.580
-0.570
-0.570
-0.550
-0.550
-0.530
-0.520
-0.490
-0.490
-0.490
-0.510
-0.510
-0.510
-0.510
-0.480
-0.470
-0.460
-0.460
-0.460
-0.440
-0.430
-0.410
-0.390
-0.370
-0.360
-0.330
-0.330
-0.330
-0.330
-0.320
-0.320
-0.320
-0.320
-0.320
-0.320
-0.290
-0.280
-0.270
-0.260
-0.260
-0.240
-0.260
-0.260
-0.260
-0.270
-0.270
-0.280
-0.290
-0.290
-0.310
-0.310
-0.310
-0.310
-0.290
-0.280
-0.260
-0.240
-0.220
-0.190
-0.180
-0.170
-0.150
-0.170
-0.150
-0.170
-0.170
-0.180
-0.190
-0.190
-0.190
-0.180
-0.170
-0.170
-0.150
-0.140
-0.130
-0.090
-0.040
0.030
0.080
0.090
0.090
0.090
0.090
0.080
0.080
0.080
0.080
0.080
0.080
0.050
0.050
0.040
0.040
0.040
0.040
0.040
0.030
0.030
0.030
0.030
0.030
0.000
0.000
0.000
-0.040
-0.050
-0.060
-0.060
-0.060
-0.050
-0.050
-0.030
0.000
0.030
0.080
0.090
0.120
0.170
0.210
0.230
0.290
0.350
0.410
0.460
0.540
0.580
0.630
0.670
0.720
0.740
0.760
0.770
0.780
0.790
0.820
0.830
0.840
0.860
0.870
0.870
0.880
0.880
0.870
0.840
0.830
0.790
0.780
0.770
0.770
0.770
0.760
0.760
0.760
0.760
0.740
0.730
0.720
0.690
0.670
0.670
0.650
0.670
0.670
0.670
0.670
0.650
0.640
0.640
0.640
0.640
0.640
0.650
0.670
0.680
0.690
0.720
0.730
0.730
0.740
0.740
0.740
0.760
0.760
0.760
0.760
0.760
0.740
0.740
0.730
0.730
0.730
0.720
0.720
0.720
0.690
0.720
0.720
0.720
0.730
0.720
0.690
0.680
0.680
0.690
0.720
0.680
0.640
0.600
0.570
0.540
0.520
0.500
0.470
0.470
0.470
0.500
0.500
0.510
0.510
0.510
0.470
0.460
0.440
0.400
0.370
0.400
0.400
0.370
0.350
0.320
0.310
0.290
0.280
0.260
0.230
0.210
0.180
0.130
0.120
0.090
0.090
0.050
0.040
0.000
0.000
-0.040
-0.060
-0.100
-0.140
-0.170
-0.200
-0.250
-0.290
-0.330
-0.370
-0.400
-0.440
-0.480
-0.500
-0.510
-0.510
-0.510
-0.490
-0.480
-0.480
-0.480
-0.470
-0.480
-0.510
-0.550
-0.580
-0.610
-0.620
-0.610
-0.610
-0.600
-0.580
-0.570
-0.560
-0.550
-0.530
-0.510
-0.490
-0.490
-0.510
-0.520
-0.520
-0.520
-0.520
-0.520
-0.520
-0.530
-0.530
-0.550
-0.550
-0.530
-0.530
-0.530
-0.530
-0.520
-0.520
-0.510
-0.490
-0.490
-0.480
-0.470
-0.460
-0.460
-0.440
-0.440
-0.460
-0.470
-0.490
-0.510
-0.510
-0.510
-0.510
-0.490
-0.490
-0.480
-0.470
-0.460
-0.440
-0.440
-0.440
-0.430
-0.420
-0.390
-0.380
-0.370
-0.370
-0.380
-0.410
-0.430
-0.440
-0.460
-0.460
-0.460
-0.460
-0.460
-0.470
-0.470
-0.470
-0.480
-0.490
-0.490
-0.490
-0.490
-0.490
-0.490
-0.490
-0.490
-0.490
-0.490
-0.490
-0.480
-0.470
-0.460
-0.440
-0.420
-0.410
-0.380
-0.370
-0.360
-0.340
-0.320
-0.310
-0.280
-0.270
-0.270
-0.270
-0.270
-0.280
-0.290
-0.310
-0.310
-0.320
-0.320
-0.320
-0.320
-0.310
-0.310
-0.310
-0.290
-0.280
-0.280
-0.280
-0.280
-0.270
-0.280
-0.270
-0.260
-0.240
-0.240
-0.240
-0.270
-0.270
-0.280
-0.270
-0.260
-0.240
-0.230
-0.220
-0.200
-0.200
-0.200
-0.200
-0.200
-0.220
-0.230
-0.240
-0.260
-0.260
-0.240
-0.240
-0.240
-0.260
-0.270
-0.270
-0.270
-0.260
-0.260
-0.260
-0.260
-0.260
-0.260
-0.260
-0.260
-0.260
-0.260
-0.260
-0.260
-0.260
-0.240
-0.230
-0.220
-0.200
-0.190
-0.190
-0.190
-0.180
-0.190
-0.190
-0.190
-0.200
-0.200
-0.200
-0.200
-0.200
-0.190
-0.180
-0.150
-0.150
-0.130
-0.080
-0.040
-0.030
-0.030
-0.030
-0.050
-0.060
-0.060
-0.060
-0.060
-0.050
-0.050
-0.040
-0.040
0.000
0.000
0.030
0.050
0.080
0.100
0.130
0.180
0.220
0.230
0.250
0.260
0.260
0.280
0.280
0.290
0.290
0.290
0.290
0.290
0.290
0.290
0.310
0.310
0.330
0.350
0.370
0.420
0.460
0.500
0.510
0.520
0.520
0.510
0.500
0.460
0.440
0.420
0.400
0.370
0.360
0.350
0.330
0.320
0.310
0.290
0.280
0.250
0.220
0.220
0.210
0.180
0.140
0.100
0.080
0.050
0.040
0.040
0.050
0.080
0.090
0.120
0.130
0.130
0.130
0.120
0.100
0.080
0.080
0.040
0.000
0.000
0.000
0.000
0.000
0.000
0.000
0.000
0.000
-0.030
-0.030
0.000
0.000
0.000
0.040
0.080
0.120
0.170
0.220
0.280
0.350
0.410
0.500
0.550
0.630
0.690
0.770
0.820
0.840
0.870
0.870
0.880
0.900
0.900
0.930
0.950
0.970
0.980
1.000
1.020
1.020
1.060
1.060
1.060
1.050
1.010
1.000
0.960
0.950
0.950
0.930
0.910
0.910
0.910
0.910
0.950
0.970
1.000
1.020
1.020
1.020
1.010
1.010
1.000
1.010
1.050
1.110
1.140
1.140
1.160
1.170
1.170
1.170
1.210
1.230
1.250
1.250
1.290
1.290
1.320
1.340
1.350
1.380
1.420
1.460
1.520
1.520
1.540
1.580
1.620
1.650
1.680
1.720
1.730
1.760
1.740
1.720
1.700
1.620
1.520
1.430
1.340
1.250
1.170
1.060
0.970
0.870
0.770
0.690
0.630
0.540
0.460
0.410
0.360
0.310
0.280
0.230
0.180
0.120
0.050
0.000
-0.060
-0.130
-0.220
-0.350
-0.480
-0.580
-0.680
-0.780
-0.840
-0.890
-0.910
-0.890
-0.850
-0.790
-0.750
-0.720
-0.710
-0.700
-0.710
-0.730
-0.760
-0.790
-0.800
-0.800
-0.770
-0.720
-0.680
-0.650
-0.610
-0.610
-0.610
-0.620
-0.650
-0.680
-0.720
-0.720
-0.720
-0.700
-0.660
-0.610
-0.570
-0.550
-0.530
-0.530
-0.550
-0.550
-0.570
-0.580
-0.600
-0.600
-0.620
-0.630
-0.650
-0.650
-0.630
-0.630
-0.630
-0.650
-0.650
-0.670
-0.700
-0.730
-0.760
-0.800
-0.810
-0.820
-0.820
-0.820
-0.810
-0.800
-0.790
-0.770
-0.770
-0.760
-0.750
-0.750
-0.730
-0.730
-0.730
-0.720
-0.700
-0.680
-0.660
-0.650
-0.650
-0.650
-0.630
-0.620
-0.630
-0.630
-0.650
-0.660
-0.680
-0.710
-0.730
-0.750
-0.750
-0.730
-0.750
-0.730
-0.720
-0.700
-0.680
-0.660
-0.650
-0.610
-0.600
-0.580
-0.570
-0.570
-0.570
-0.560
-0.550
-0.550
-0.560
-0.570
-0.570
-0.570
-0.570
-0.560
-0.550
-0.530
-0.520
-0.490
-0.480
-0.470
-0.470
-0.460
-0.470
-0.470
-0.460
-0.430
-0.420
-0.410
-0.390
-0.380
-0.370
-0.360
-0.360
-0.340
-0.340
-0.330
-0.330
-0.330
-0.330
-0.340
-0.330
-0.340
-0.340
-0.340
-0.340
-0.330
-0.310
-0.290
-0.290
-0.290
-0.310
-0.320
-0.320
-0.320
-0.330
-0.330
-0.330
-0.330
-0.330
-0.330
-0.330
-0.320
-0.320
-0.320
-0.320
-0.310
-0.290
-0.280
-0.260
-0.230
-0.230
-0.230
-0.230
-0.240
-0.240
-0.240
-0.240
-0.240
-0.240
-0.240
-0.230
-0.230
-0.230
-0.220
-0.220
-0.230
-0.240
-0.240
-0.240
-0.230
-0.230
-0.230
-0.240
-0.240
-0.240
-0.260
-0.240
-0.240
-0.240
-0.230
-0.220
-0.220
-0.200
-0.190
-0.180
-0.180
-0.170
-0.150
-0.150
-0.140
-0.140
-0.140
-0.150
-0.150
-0.170
-0.180
-0.190
-0.200
-0.200
-0.200
-0.200
-0.200
-0.190
-0.190
-0.170
-0.150
-0.150
-0.150
-0.130
-0.110
-0.080
-0.050
-0.040
-0.050
-0.060
-0.060
-0.060
-0.050
-0.040
0.000
0.030
0.080
0.100
0.130
0.180
0.210
0.230
0.280
0.320
0.360
0.420
0.470
0.550
0.640
0.730
0.790
0.860
0.910
0.960
0.970
0.980
0.980
0.980
0.980
0.970
0.980
0.970
0.970
0.970
0.970
0.980
0.980
1.000
0.980
1.000
1.000
1.000
0.980
0.980
0.970
0.960
0.960
0.950
0.950
0.930
0.910
0.900
0.880
0.880
0.880
0.880
0.880
0.900
0.930
0.950
0.950
0.930
0.910
0.880
0.860
0.820
0.790
0.790
0.790
0.790
0.820
0.820
0.820
0.820
0.820
0.790
0.790
0.780
0.760
0.740
0.730
0.730
0.730
0.730
0.730
0.740
0.730
0.730
0.730
0.720
0.690
0.690
0.720
0.680
0.670
0.650
0.640
0.640
0.640
0.630
0.600
0.570
0.540
0.510
0.470
0.450
0.420
0.410
0.350
0.310
0.250
0.180
0.090
0.040
-0.030
-0.090
-0.150
-0.190
-0.280
-0.330
-0.380
-0.430
-0.470
-0.490
-0.530
-0.580
-0.610
-0.630
-0.670
-0.680
-0.700
-0.700
-0.700
-0.700
-0.700
-0.680
-0.670
-0.660
-0.660
-0.630
-0.630
-0.630
-0.650
-0.650
-0.660
-0.650
-0.660
-0.660
-0.670
-0.670
-0.680
-0.670
-0.670
-0.670
-0.660
-0.660
-0.650
-0.650
-0.630
-0.620
-0.620
-0.610
-0.600
-0.580
-0.570
-0.560
-0.560
-0.560
-0.560
-0.570
-0.570
-0.570
-0.570
-0.580
-0.580
-0.580
-0.580
-0.570
-0.560
-0.560
-0.560
-0.560
-0.560
-0.560
-0.550
-0.530
-0.530
-0.550
-0.560
-0.570
-0.580
-0.600
-0.600
-0.580
-0.580
-0.580
-0.570
-0.570
-0.570
-0.560
-0.560
-0.550
-0.560
-0.550
-0.550
-0.520
-0.510
-0.510
-0.490
-0.480
-0.480
-0.470
-0.460
-0.440
-0.420
-0.410
-0.390
-0.370
-0.370
-0.360
-0.330
-0.320
-0.320
-0.310
-0.290
-0.290
-0.290
-0.280
-0.280
-0.280
-0.280
-0.290
-0.310
-0.290
-0.310
-0.310
-0.310
-0.290
-0.290
-0.280
-0.280
-0.270
-0.260
-0.260
-0.270
-0.260
-0.260
-0.230
-0.200
-0.190
-0.190
-0.220
-0.240
-0.260
-0.270
-0.260
-0.260
-0.260
-0.260
-0.240
-0.240
-0.240
-0.230
-0.230
-0.240
-0.230
-0.240
-0.260
-0.260
-0.240
-0.240
-0.240
-0.260
-0.260
-0.270
-0.270
-0.270
-0.270
-0.270
-0.270
-0.270
-0.270
-0.270
-0.270
-0.260
-0.240
-0.220
-0.180
-0.150
-0.090
-0.030
0.050
0.120
0.210
0.280
0.360
0.450
0.540
0.620
0.680
0.740
0.780
0.830
0.870
0.900
0.950
0.970
1.000
1.020
1.060
1.070
1.100
1.130
1.110
1.090
1.060
1.050
1.010
1.000
0.970
0.960
0.970
0.960
0.970
0.980
0.980
0.970
0.960
0.950
0.930
0.880
0.870
0.860
0.840
0.830
0.830
0.830
0.830
0.830
0.830
0.820
0.820
0.820
0.820
0.830
0.820
0.820
0.790
0.780
0.780
0.780
0.780
0.780
0.770
0.760
0.740
0.740
0.730
0.730
0.730
0.730
0.720
0.690
0.680
0.670
0.670
0.670
0.680
0.680
0.680
0.680
0.680
0.670
0.670
0.650
0.650
0.650
0.630
0.600
0.570
0.540
0.510
0.460
0.420
0.400
0.360
0.350
0.310
0.280
0.220
0.180
0.120
0.050
0.000
-0.060
-0.140
-0.190
-0.280
-0.340
-0.400
-0.480
-0.570
-0.640
-0.710
-0.730
-0.760
-0.770
-0.790
-0.790
-0.770
-0.770
-0.760
-0.760
-0.730
-0.720
-0.700
-0.680
-0.670
-0.660
-0.660
-0.660
-0.670
-0.670
-0.670
-0.670
-0.680
-0.680
-0.680
-0.670
-0.660
-0.650
-0.620
-0.610
-0.600
-0.580
-0.570
-0.560
-0.530
-0.510
-0.490
-0.490
-0.510
-0.520
-0.530
-0.530
-0.530
-0.530
-0.530
-0.530
-0.520
-0.510
-0.510
-0.490
-0.490
-0.490
-0.490
-0.510
-0.510
-0.510
-0.520
-0.510
-0.510
-0.510
-0.510
-0.530
-0.530
-0.530
-0.530
-0.530
-0.520
-0.520
-0.510
-0.510
-0.490
-0.490
-0.480
-0.480
-0.470
-0.460
-0.440
-0.440
-0.440
-0.430
-0.430
-0.430
-0.440
-0.430
-0.430
-0.430
-0.430
-0.420
-0.420
-0.410
-0.410
-0.390
-0.380
-0.380
-0.370
-0.360
-0.360
-0.340
-0.320
-0.290
-0.290
-0.310
-0.330
-0.330
-0.340
-0.340
-0.330
-0.330
-0.330
-0.320
-0.320
-0.310
-0.290
-0.290
-0.280
-0.280
-0.290
-0.290
-0.290
-0.280
-0.270
-0.260
-0.260
-0.270
-0.270
-0.270
-0.270
-0.270
-0.270
-0.270
-0.270
-0.270
-0.260
-0.260
-0.260
-0.260
-0.260
-0.240
-0.240
-0.240
-0.230
-0.230
-0.230
-0.230
-0.240
-0.260
-0.270
-0.270
-0.270
-0.280
-0.270
-0.270
-0.270
-0.240
-0.220
-0.190
-0.150
-0.130
-0.080
-0.030
0.040
0.120
0.210
0.260
0.320
0.360
0.420
0.500
0.570
0.650
0.740
0.830
0.900
0.960
0.980
1.010
1.020
1.020
1.020
1.010
1.010
1.000
1.000
1.010
1.000
0.980
0.960
0.930
0.900
0.900
0.880
0.880
0.880
0.880
0.880
0.880
0.880
0.870
0.870
0.870
0.860
0.860
0.860
0.860
0.860
0.860
0.870
0.860
0.830
0.790
0.780
0.740
0.730
0.720
0.720
0.690
0.690
0.680
0.690
0.720
0.730
0.730
0.740
0.770
0.780
0.790
0.790
0.770
0.730
0.690
0.680
0.670
0.670
0.670
0.670
0.680
0.680
0.680
0.670
0.650
0.650
0.640
0.630
0.620
0.600
0.580
0.570
0.570
0.550
0.550
0.540
0.520
0.500
0.470
0.440
0.410
0.360
0.320
0.260
0.210
0.170
0.090
0.040
-0.040
-0.090
-0.150
-0.220
-0.300
-0.370
-0.450
-0.530
-0.590
-0.640
-0.670
-0.680
-0.680
-0.700
-0.720
-0.730
-0.750
-0.750
-0.730
-0.720
-0.710
-0.680
-0.670
-0.660
-0.630
-0.630
-0.630
-0.650
-0.660
-0.670
-0.670
-0.670
-0.670
-0.670
-0.660
-0.660
-0.660
-0.650
-0.650
-0.660
-0.650
-0.650
-0.650
-0.660
-0.660
-0.670
-0.660
-0.650
-0.650
-0.630
-0.630
-0.620
-0.630
-0.620
-0.610
-0.610
-0.610
-0.610
-0.580
-0.580
-0.580
-0.580
-0.570
-0.570
-0.550
-0.550
-0.530
-0.520
-0.520
-0.530
-0.550
-0.550
-0.560
-0.560
-0.560
-0.560
-0.560
-0.550
-0.530
-0.510
-0.480
-0.470
-0.460
-0.440
-0.420
-0.410
-0.390
-0.380
-0.360
-0.360
-0.340
-0.370
-0.370
-0.380
-0.380
-0.370
-0.370
-0.360
-0.340
-0.330
-0.320
-0.310
-0.310
-0.290
-0.290
-0.290
-0.290
-0.290
-0.290
-0.280
-0.280
-0.280
-0.290
-0.290
-0.310
-0.310
-0.310
-0.310
-0.310
-0.310
-0.290
-0.290
-0.280
-0.280
-0.270
-0.270
-0.260
-0.240
-0.230
-0.220
-0.200
-0.200
-0.200
-0.200
-0.220
-0.230
-0.240
-0.260
-0.280
-0.290
-0.310
-0.320
-0.330
-0.330
-0.330
-0.330
-0.320
-0.310
-0.280
-0.270
-0.220
-0.180
-0.170
-0.170
-0.180
-0.190
-0.200
-0.200
-0.220
-0.220
-0.230
-0.240
-0.240
-0.240
-0.230
-0.230
-0.220
-0.220
-0.200
-0.220
-0.220
-0.220
-0.200
-0.180
-0.180
-0.180
-0.190
-0.180
-0.170
-0.170
-0.150
-0.140
-0.100
-0.080
-0.030
0.030
0.080
0.140
0.220
0.290
0.360
0.440
0.510
0.550
0.600
0.630
0.650
0.670
0.720
0.740
0.770
0.820
0.860
0.900
0.910
0.950
0.960
0.960
0.960
0.960
0.960
0.960
0.970
0.980
1.000
1.000
1.000
0.980
0.970
0.960
0.950
0.910
0.910
0.900
0.900
0.900
0.900
0.880
0.870
0.860
0.840
0.830
0.820
0.780
0.780
0.780
0.780
0.770
0.770
0.760
0.760
0.740
0.740
0.740
0.770
0.780
0.790
0.820
0.830
0.830
0.830
0.820
0.820
0.820
0.830
0.830
0.830
0.820
0.790
0.780
0.770
0.760
0.740
0.740
0.730
0.730
0.720
0.720
0.720
0.720
0.730
0.730
0.730
0.730
0.740
0.740
0.760
0.760
0.740
0.720
0.670
0.630
0.580
0.550
0.540
0.520
0.510
0.470
0.450
0.420
0.400
0.370
0.350
0.320
0.280
0.250
0.210
0.180
0.120
0.090
0.080
0.030
-0.030
-0.090
-0.150
-0.220
-0.300
-0.370
-0.430
-0.490
-0.540
-0.580
-0.620
-0.620
-0.630
-0.620
-0.620
-0.620
-0.620
-0.620
-0.630
-0.650
-0.650
-0.650
-0.650
-0.650
-0.650
-0.650
-0.650
-0.660
-0.650
-0.650
-0.630
-0.620
-0.610
-0.610
-0.580
-0.560
-0.530
-0.510
-0.480
-0.480
-0.490
-0.520
-0.530
-0.560
-0.570
-0.570
-0.570
-0.560
-0.550
-0.520
-0.490
-0.480
-0.480
-0.470
-0.470
-0.480
-0.480
-0.480
-0.490
-0.490
-0.490
-0.490
-0.510
-0.510
-0.510
-0.520
-0.490
-0.490
-0.490
-0.480
-0.480
-0.480
-0.470
-0.480
-0.480
-0.480
-0.480
-0.470
-0.470
-0.470
-0.470
-0.470
-0.480
-0.470
-0.480
-0.480
-0.480
-0.480
-0.480
-0.480
-0.470
-0.460
-0.460
-0.440
-0.420
-0.410
-0.410
-0.380
-0.360
-0.330
-0.320
-0.320
-0.320
-0.330
-0.330
-0.340
-0.340
-0.330
-0.320
-0.320
-0.310
-0.310
-0.310
-0.290
-0.310
-0.290
-0.310
-0.320
-0.320
-0.330
-0.320
-0.320
-0.330
-0.330
-0.340
-0.360
-0.360
-0.360
-0.370
-0.360
-0.360
-0.340
-0.330
-0.330
-0.320
-0.320
-0.310
-0.310
-0.280
-0.270
-0.270
-0.270
-0.270
-0.270
-0.280
-0.310
-0.320
-0.330
-0.340
-0.340
-0.360
-0.340
-0.340
-0.330
-0.320
-0.310
-0.310
-0.290
-0.280
-0.270
-0.240
-0.200
-0.190
-0.190
-0.220
-0.220
-0.230
-0.230
-0.230
-0.230
-0.230
-0.220
-0.220
-0.200
-0.200
-0.190
-0.180
-0.170
-0.150
-0.150
-0.140
-0.110
-0.060
0.000
0.080
0.130
0.210
0.290
0.360
0.450
0.520
0.580
0.640
0.690
0.730
0.780
0.820
0.840
0.870
0.900
0.930
0.950
0.970
1.000
1.020
1.050
1.060
1.060
1.050
1.050
1.020
1.020
1.020
1.020
1.050
1.020
1.050
1.050
1.070
1.060
1.070
1.090
1.100
1.100
1.100
1.070
1.050
1.010
0.980
0.970
0.950
0.930
0.900
0.880
0.880
0.880
0.870
0.860
0.860
0.840
0.830
0.820
0.790
0.780
0.770
0.780
0.770
0.770
0.760
0.740
0.730
0.730
0.730
0.730
0.730
0.720
0.690
0.670
0.650
0.640
0.640
0.650
0.650
0.670
0.670
0.680
0.670
0.650
0.630
0.600
0.600
0.580
0.570
0.570
0.550
0.550
0.520
0.510
0.500
0.500
0.500
0.460
0.440
0.410
0.360
0.330
0.310
0.280
0.220
0.170
0.100
0.050
0.000
-0.030
-0.050
-0.080
-0.100
-0.130
-0.170
-0.200
-0.270
-0.320
-0.370
-0.420
-0.480
-0.520
-0.560
-0.580
-0.580
-0.610
-0.620
-0.630
-0.650
-0.650
-0.650
-0.650
-0.650
-0.650
-0.660
-0.670
-0.670
-0.670
-0.660
-0.660
-0.630
-0.620
-0.600
-0.580
-0.580
-0.580
-0.600
-0.600
-0.610
-0.600
-0.600
-0.570
-0.570
-0.560
-0.550
-0.530
-0.530
-0.520
-0.510
-0.510
-0.490
-0.480
-0.470
-0.440
-0.420
-0.420
-0.430
-0.440
-0.470
-0.480
-0.510
-0.510
-0.510
-0.510
-0.490
-0.490
-0.480
-0.480
-0.480
-0.470
-0.470
-0.460
-0.460
-0.440
-0.440
-0.420
-0.420
-0.420
-0.430
-0.430
-0.440
-0.440
-0.440
-0.460
-0.460
-0.460
-0.440
-0.440
-0.440
-0.440
-0.430
-0.430
-0.440
-0.430
-0.420
-0.420
-0.420
-0.410
-0.410
-0.410
-0.410
-0.410
-0.410
-0.410
-0.390
-0.390
-0.390
-0.390
-0.380
-0.360
-0.360
-0.360
-0.360
-0.340
-0.340
-0.320
-0.310
-0.290
-0.310
-0.320
-0.330
-0.360
-0.360
-0.360
-0.340
-0.340
-0.330
-0.320
-0.320
-0.310
-0.280
-0.280
-0.270
-0.270
-0.280
-0.280
-0.280
-0.270
-0.270
-0.280
-0.290
-0.290
-0.310
-0.320
-0.310
-0.310
-0.310
-0.310
-0.310
-0.310
-0.310
-0.320
-0.320
-0.330
-0.330
-0.330
-0.310
-0.290
-0.290
-0.290
-0.290
-0.290
-0.290
-0.310
-0.310
-0.290
-0.290
-0.290
-0.290
-0.290
-0.290
-0.290
-0.290
-0.310
-0.310
-0.310
-0.310
-0.280
-0.240
-0.230
-0.220
-0.240
-0.260
-0.270
-0.270
-0.270
-0.260
-0.260
-0.240
-0.220
-0.200
-0.190
-0.180
-0.170
-0.170
-0.150
-0.150
-0.150
-0.150
-0.150
-0.140
-0.110
-0.100
-0.100
-0.090
-0.060
-0.040
0.000
0.050
0.120
0.190
0.260
0.330
0.420
0.510
0.580
0.670
0.760
0.840
0.910
0.960
1.000
1.020
1.050
1.060
1.060
1.060
1.060
1.050
1.050
1.060
1.060
1.060
1.070
1.090
1.070
1.070
1.090
1.100
1.100
1.100
1.100
1.100
1.090
1.050
1.000
0.980
0.950
0.950
0.960
0.950
0.950
0.950
0.960
0.960
0.950
0.950
0.930
0.910
0.900
0.870
0.840
0.830
0.830
0.790
0.780
0.770
0.760
0.730
0.740
0.730
0.720
0.720
0.690
0.680
0.650
0.630
0.600
0.580
0.570
0.570
0.570
0.550
0.550
0.550
0.550
0.550
0.540
0.540
0.540
0.540
0.520
0.510
0.470
0.460
0.440
0.420
0.440
0.420
0.410
0.370
0.360
0.320
0.290
0.250
0.190
0.120
0.030
-0.060
-0.130
-0.190
-0.240
-0.290
-0.330
-0.370
-0.400
-0.450
-0.480
-0.530
-0.560
-0.580
-0.580
-0.600
-0.600
-0.580
-0.570
-0.550
-0.550
-0.520
-0.520
-0.510
-0.510
-0.510
-0.490
-0.490
-0.490
-0.490
-0.490
-0.490
-0.510
-0.510
-0.520
-0.520
-0.510
-0.510
-0.490
-0.480
-0.490
-0.490
-0.490
-0.490
-0.490
-0.480
-0.470
-0.470
-0.460
-0.460
-0.440
-0.430
-0.420
-0.410
-0.390
-0.380
-0.370
-0.370
-0.340
-0.330
-0.320
-0.320
-0.340
-0.370
-0.390
-0.420
-0.430
-0.440
-0.440
-0.440
-0.440
-0.440
-0.430
-0.420
-0.420
-0.410
-0.410
-0.410
-0.410
-0.410
-0.410
-0.410
-0.410
-0.420
-0.430
-0.440
-0.460
-0.470
-0.470
-0.470
-0.470
-0.470
-0.460
-0.440
-0.440
-0.430
-0.420
-0.410
-0.390
-0.380
-0.370
-0.370
-0.360
-0.360
-0.370
-0.370
-0.370
-0.370
-0.370
-0.370
-0.360
-0.370
-0.360
-0.360
-0.340
-0.330
-0.330
-0.330
-0.320
-0.320
-0.290
-0.270
-0.240
-0.240
-0.240
-0.260
-0.270
-0.270
-0.280
-0.280
-0.270
-0.270
-0.270
-0.260
-0.260
-0.260
-0.260
-0.260
-0.260
-0.260
-0.260
-0.260
-0.240
-0.230
-0.200
-0.200
-0.200
-0.190
-0.190
-0.190
-0.180
-0.180
-0.170
-0.150
-0.150
-0.140
-0.110
-0.100
-0.080
-0.050
-0.030
0.000
0.030
0.050
0.050
0.050
0.050
0.040
0.030
0.030
0.030
0.000
0.000
0.000
-0.030
-0.040
-0.050
-0.030
-0.030
0.000
0.000
0.030
0.040
0.080
0.100
0.120
0.130
0.140
0.170
0.190
0.210
0.230
0.260
0.290
0.310
0.330
0.350
0.370
0.400
0.410
0.440
0.450
0.470
0.500
0.510
0.540
0.580
0.630
0.650
0.680
0.720
0.730
0.740
0.760
0.760
0.770
0.770
0.780
0.780
0.790
0.790
0.820
0.820
0.820
0.820
0.820
0.820
0.790
0.790
0.780
0.780
0.780
0.770
0.760
0.740
0.730
0.690
0.680
0.680
0.680
0.680
0.720
0.720
0.730
0.730
0.720
0.720
0.720
0.720
0.690
0.670
0.640
0.630
0.600
0.600
0.580
0.600
0.620
0.630
0.630
0.630
0.620
0.580
0.570
0.550
0.520
0.510
0.500
0.500
0.510
0.540
0.550
0.550
0.550
0.550
0.540
0.520
0.500
0.500
0.460
0.440
0.420
0.410
0.370
0.350
0.330
0.320
0.320
0.310
0.310
0.290
0.250
0.220
0.180
0.130
0.090
0.080
0.030
0.000
-0.050
-0.080
-0.100
-0.110
-0.140
-0.150
-0.190
-0.240
-0.280
-0.320
-0.340
-0.380
-0.400
-0.440
-0.470
-0.500
-0.510
-0.510
-0.490
-0.490
-0.490
-0.490
-0.490
-0.490
-0.520
-0.520
-0.530
-0.560
-0.560
-0.570
-0.600
-0.600
-0.600
-0.580
-0.580
-0.570
-0.570
-0.560
-0.560
-0.560
-0.560
-0.550
-0.550
-0.550
-0.530
-0.530
-0.520
-0.510
-0.490
-0.480
-0.470
-0.460
-0.460
-0.440
-0.440
-0.460
-0.460
-0.460
-0.460
-0.470
-0.470
-0.470
-0.470
-0.470
-0.470
-0.460
-0.440
-0.440
-0.440
-0.440
-0.430
-0.430
-0.410
-0.390
-0.380
-0.390
-0.410
-0.420
-0.430
-0.460
-0.460
-0.470
-0.470
-0.470
-0.460
-0.440
-0.430
-0.420
-0.410
-0.390
-0.410
-0.390
-0.390
-0.390
-0.380
-0.370
-0.370
-0.370
-0.370
-0.380
-0.380
-0.380
-0.370
-0.370
-0.370
-0.360
-0.340
-0.340
-0.340
-0.340
-0.330
-0.330
-0.320
-0.310
-0.280
-0.280
-0.280
-0.290
-0.310
-0.310
-0.320
-0.320
-0.320
-0.320
-0.320
-0.310
-0.310
-0.310
-0.310
-0.290
-0.310
-0.310
-0.290
-0.290
-0.280
-0.260
-0.240
-0.240
-0.260
-0.270
-0.290
-0.290
-0.290
-0.290
-0.290
-0.280
-0.280
-0.270
-0.270
-0.270
-0.270
-0.260
-0.260
-0.270
-0.280
-0.280
-0.270
-0.260
-0.240
-0.240
-0.270
-0.270
-0.270
-0.270
-0.270
-0.270
-0.270
-0.270
-0.260
-0.240
-0.230
-0.200
-0.180
-0.150
-0.110
-0.080
0.000
0.040
0.100
0.170
0.220
0.280
0.330
0.410
0.470
0.550
0.630
0.690
0.760
0.830
0.880
0.930
0.950
0.960
0.960
0.960
0.960
0.950
0.950
0.910
0.910
0.900
0.880
0.880
0.870
0.870
0.860
0.860
0.840
0.840
0.830
0.830
0.820
0.790
0.780
0.770
0.740
0.690
0.680
0.670
0.670
0.650
0.640
0.630
0.620
0.620
0.620
0.620
0.630
0.630
0.630
0.630
0.630
0.630
0.630
0.640
0.650
0.680
0.690
0.720
0.690
0.690
0.680
0.670
0.670
0.650
0.640
0.640
0.640
0.640
0.640
0.640
0.650
0.670
0.680
0.680
0.690
0.690
0.690
0.690
0.690
0.680
0.640
0.600
0.550
0.540
0.500
0.500
0.470
0.460
0.450
0.440
0.410
0.400
0.360
0.330
0.310
0.260
0.220
0.190
0.170
0.130
0.120
0.100
0.080
0.030
-0.040
-0.090
-0.140
-0.170
-0.220
-0.280
-0.330
-0.380
-0.430
-0.480
-0.520
-0.540
-0.570
-0.580
-0.600
-0.600
-0.600
-0.610
-0.610
-0.610
-0.610
-0.600
-0.580
-0.580
-0.570
-0.570
-0.570
-0.570
-0.560
-0.550
-0.520
-0.510
-0.490
-0.480
-0.460
-0.440
-0.420
-0.420
-0.430
-0.440
-0.470
-0.480
-0.490
-0.510
-0.510
-0.510
-0.510
-0.510
-0.510
-0.510
-0.490
-0.490
-0.490
-0.510
-0.510
-0.520
-0.520
-0.520
-0.520
-0.520
-0.530
-0.550
-0.560
-0.560
-0.550
-0.550
-0.530
-0.530
-0.520
-0.520
-0.510
-0.510
-0.510
-0.490
-0.480
-0.470
-0.460
-0.440
-0.430
-0.420
-0.420
-0.420
-0.420
-0.410
-0.420
-0.410
-0.410
-0.410
-0.410
-0.410
-0.390
-0.390
-0.390
-0.410
-0.410
-0.410
-0.410
-0.390
-0.370
-0.360
-0.370
-0.370
-0.380
-0.380
-0.380
-0.370
-0.360
-0.340
-0.330
-0.310
-0.290
-0.290
-0.280
-0.280
-0.270
-0.270
-0.280
-0.280
-0.280
-0.280
-0.280
-0.290
-0.320
-0.330
-0.340
-0.340
-0.340
-0.340
-0.340
-0.330
-0.330
-0.330
-0.320
-0.320
-0.330
-0.330
-0.330
-0.330
-0.330
-0.340
-0.340
-0.360
-0.380
-0.390
-0.410
-0.410
-0.420
-0.420
-0.420
-0.430
-0.430
-0.440
-0.430
-0.430
-0.430
-0.440
-0.440
-0.440
-0.440
-0.440
-0.430
-0.430
-0.440
-0.440
-0.440
-0.440
-0.420
-0.420
-0.410
-0.410
-0.390
-0.390
-0.370
-0.340
-0.320
-0.320
-0.320
-0.330
-0.340
-0.370
-0.390
-0.420
-0.420
-0.430
-0.430
-0.430
-0.420
-0.430
-0.470
-0.570
-0.800
-1.080
-1.270
-1.330
-1.180
-0.870
-0.650
-0.480
-0.390
-0.340
-0.320
-0.320
-0.310
-0.310
-0.310
-0.320
-0.320
-0.360
-0.390
-0.410
-0.370
-0.280
-0.290
-0.310
-0.310
-0.260
-0.180
-0.130
-0.190
-0.720
-0.770
-0.150
0.030
0.050
0.080
0.080
0.040
0.000
-0.030
-0.040
-0.040
-0.050
-0.060
-0.080
-0.080
-0.080
-0.080
-0.090
-0.090
-0.090
-0.080
-0.080
-0.060
-0.050
-0.040
0.000
0.000
0.030
0.050
0.080
0.100
0.180
0.280
0.400
0.470
0.550
0.640
0.720
0.770
0.820
0.840
0.870
0.870
0.880
0.900
0.910
0.900
0.910
0.900
0.880
0.860
0.830
0.790
0.770
0.730
0.670
0.630
0.570
0.540
0.500
0.450
0.410
0.400
0.360
0.350
0.350
0.330
0.320
0.290
0.290
0.290
0.290
0.290
0.290
0.280
0.280
0.260
0.260
0.260
0.280
0.280
0.280
0.280
0.290
0.320
0.350
0.410
0.460
0.510
0.540
0.550
0.600
0.630
0.670
0.720
0.760
0.790
0.840
0.870
0.880
0.910
0.910
0.910
0.950
0.960
0.960
0.960
0.960
0.930
0.900
0.880
0.870
0.870
0.880
0.870
0.880
0.880
0.900
0.900
0.900
0.880
0.870
0.860
0.830
0.830
0.830
0.830
0.860
0.860
0.830
0.790
0.770
0.760
0.740
0.720
0.720
0.720
0.730
0.760
0.780
0.790
0.820
0.830
0.830
0.830
0.790
0.770
0.720
0.670
0.620
0.550
0.520
0.470
0.460
0.460
0.500
0.540
0.580
0.600
0.600
0.550
0.500
0.410
0.320
0.220
0.100
0.000
-0.100
-0.180
-0.220
-0.240
-0.200
-0.180
-0.150
-0.150
-0.190
-0.240
-0.290
-0.340
-0.430
-0.500
-0.590
-0.670
-0.750
-0.800
-0.850
-0.870
-0.890
-0.890
-0.890
-0.870
-0.890
-0.890
-0.870
-0.860
-0.850
-0.840
-0.820
-0.810
-0.810
-0.810
-0.810
-0.810
-0.850
-0.870
-0.900
-0.940
-0.960
-1.000
-1.020
-1.020
-1.020
-1.010
-1.020
-1.050
-1.050
-1.080
-1.100
-1.140
-1.130
-1.130
-1.140
-1.130
-1.090
-1.060
-1.020
-0.970
-0.950
-0.940
-0.950
-0.970
-1.010
-1.040
-1.050
-1.060
-1.050
-1.010
-0.960
-0.910
-0.850
-0.770
-0.700
-0.650
-0.620
-0.650
-0.670
-0.680
-0.700
-0.680
-0.650
-0.610
-0.550
-0.490
-0.440
-0.390
-0.360
-0.320
-0.290
-0.270
-0.240
-0.220
-0.190
-0.190
-0.200
-0.220
-0.240
-0.240
-0.260
-0.260
-0.230
-0.200
-0.150
-0.110
-0.060
-0.030
0.000
0.050
0.050
0.080
0.050
0.040
0.000
-0.080
-0.110
-0.140
-0.150
-0.170
-0.170
-0.150
-0.150
-0.110
-0.090
-0.040
0.000
0.040
0.080
0.080
0.090
0.090
0.080
0.080
0.050
0.040
0.000
0.000
-0.030
-0.050
-0.060
-0.060
-0.050
-0.030
0.000
0.040
0.050
0.050
0.050
0.040
0.040
0.030
0.030
0.000
0.000
0.000
0.000
-0.030
-0.040
-0.040
-0.050
-0.040
-0.040
0.000
0.030
0.090
0.180
0.260
0.360
0.460
0.570
0.670
0.780
0.880
0.970
1.010
1.060
1.100
1.140
1.190
1.240
1.300
1.350
1.400
1.440
1.490
1.510
1.530
1.580
1.620
1.630
1.670
1.670
1.650
1.620
1.580
1.560
1.540
1.560
1.580
1.630
1.700
1.760
1.810
1.890
1.950
1.960
1.970
2.000
1.970
1.960
1.960
2.000
2.000
2.000
2.010
2.040
2.070
2.070
2.060
2.070
2.110
2.120
2.120
2.140
2.150
2.170
2.190
2.190
2.200
2.200
2.150
2.120
2.110
2.090
2.020
1.960
1.870
1.740
1.620
1.490
1.420
1.280
1.190
1.090
1.010
0.930
0.870
0.790
0.720
0.630
0.580
0.520
0.460
0.410
0.350
0.290
0.220
0.130
0.030
-0.090
-0.200
-0.350
-0.500
-0.660
-0.830
-0.960
-1.020
-1.080
-1.080
-1.080
-1.090
-1.110
-1.130
-1.140
-1.150
-1.160
-1.220
-1.270
-1.310
-1.360
-1.390
-1.440
-1.460
-1.470
-1.480
-1.470
-1.460
-1.440
-1.410
-1.360
-1.310
-1.240
-1.190
-1.160
-1.130
-1.090
-1.050
-1.040
-1.010
-1.010
-1.020
-1.000
-0.970
-0.960
-0.920
-0.900
-0.890
-0.850
-0.840
-0.840
-0.820
-0.810
-0.810
-0.820
-0.820
-0.840
-0.840
-0.820
-0.820
-0.820
-0.820
-0.810
-0.800
-0.800
-0.810
-0.800
-0.790
-0.770
-0.770
-0.750
-0.750
-0.730
-0.730
-0.730
-0.750
-0.730
-0.730
-0.730
-0.730
-0.750
-0.730
-0.730
-0.750
-0.750
-0.750
-0.750
-0.750
-0.730
-0.720
-0.710
-0.710
-0.700
-0.700
-0.700
-0.700
-0.680
-0.670
-0.660
-0.650
-0.630
-0.620
-0.630
-0.650
-0.660
-0.650
-0.650
-0.630
-0.630
-0.630
-0.610
-0.610
-0.600
-0.610
-0.620
-0.630
-0.630
-0.630
-0.650
-0.660
-0.670
-0.700
-0.710
-0.720
-0.720
-0.720
-0.710
-0.700
-0.700
-0.680
-0.680
-0.660
-0.620
-0.600
-0.570
-0.550
-0.530
-0.510
-0.490
-0.470
-0.460
-0.460
-0.460
-0.460
-0.440
-0.430
-0.420
-0.390
-0.370
-0.330
-0.310
-0.260
-0.220
-0.170
-0.140
-0.110
-0.100
-0.110
-0.130
-0.140
-0.150
-0.150
-0.180
-0.180
-0.180
-0.180
-0.150
-0.140
-0.100
-0.050
0.000
0.080
0.090
0.120
0.130
0.170
0.180
0.170
0.140
0.120
0.080
0.040
0.000
0.000
0.000
0.000
0.080
0.100
0.170
0.190
0.220
0.250
0.260
0.280
0.310
0.320
0.320
0.320
0.310
0.290
0.290
0.310
0.330
0.400
0.460
0.550
0.650
0.760
0.840
0.910
0.970
1.010
1.050
1.070
1.090
1.130
1.140
1.170
1.170
1.190
1.190
1.200
1.230
1.240
1.230
1.230
1.210
1.190
1.170
1.160
1.110
1.070
1.020
1.000
0.970
0.930
0.900
0.870
0.840
0.840
0.840
0.860
0.860
0.840
0.830
0.790
0.770
0.760
0.740
0.740
0.730
0.740
0.740
0.760
0.760
0.760
0.760
0.740
0.740
0.730
0.690
0.650
0.620
0.580
0.570
0.570
0.570
0.580
0.600
0.600
0.600
0.580
0.570
0.550
0.520
0.500
0.460
0.440
0.420
0.420
0.420
0.420
0.420
0.420
0.420
0.440
0.420
0.410
0.410
0.370
0.350
0.330
0.310
0.290
0.280
0.260
0.260
0.250
0.250
0.230
0.220
0.190
0.170
0.130
0.120
0.100
0.080
0.050
0.030
0.000
0.000
-0.040
-0.050
-0.080
-0.110
-0.150
-0.190
-0.250
-0.290
-0.340
-0.390
-0.450
-0.500
-0.570
-0.590
-0.610
-0.620
-0.620
-0.620
-0.620
-0.630
-0.630
-0.630
-0.630
-0.630
-0.650
-0.660
-0.670
-0.680
-0.700
-0.700
-0.700
-0.700
-0.700
-0.700
-0.710
-0.730
-0.730
-0.750
-0.760
-0.760
-0.770
-0.760
-0.760
-0.760
-0.760
-0.760
-0.750
-0.750
-0.750
-0.720
-0.720
-0.720
-0.710
-0.710
-0.700
-0.680
-0.680
-0.680
-0.670
-0.660
-0.650
-0.650
-0.650
-0.630
-0.620
-0.610
-0.610
-0.600
-0.600
-0.580
-0.560
-0.520
-0.510
-0.480
-0.490
-0.480
-0.480
-0.480
-0.480
-0.470
-0.460
-0.460
-0.440
-0.430
-0.420
-0.420
-0.410
-0.410
-0.410
-0.410
-0.390
-0.390
-0.380
-0.370
-0.360
-0.360
-0.340
-0.340
-0.340
-0.330
-0.330
-0.330
-0.320
-0.320
-0.310
-0.290
-0.290
-0.280
-0.280
-0.270
-0.260
-0.240
-0.230
-0.230
-0.230
-0.230
-0.240
-0.260
-0.270
-0.280
-0.290
-0.290
-0.310
-0.290
-0.290
-0.290
-0.280
-0.280
-0.280
-0.280
-0.280
-0.280
-0.280
-0.270
-0.260
-0.260
-0.280
-0.290
-0.290
-0.310
-0.310
-0.290
-0.290
-0.280
-0.280
-0.270
-0.260
-0.240
-0.240
-0.240
-0.240
-0.240
-0.240
-0.260
-0.240
-0.240
-0.240
-0.240
-0.260
-0.260
-0.260
-0.270
-0.260
-0.270
-0.260
-0.260
-0.260
-0.240
-0.240
-0.240
-0.240
-0.230
-0.230
-0.220
-0.200
-0.190
-0.180
-0.180
-0.150
-0.130
-0.080
-0.030
0.050
0.130
0.250
0.360
0.510
0.630
0.740
0.840
0.930
0.970
1.000
1.050
1.070
1.100
1.110
1.140
1.160
1.160
1.140
1.140
1.130
1.100
1.100
1.090
1.090
1.070
1.060
1.050
1.060
1.060
1.070
1.050
1.050
1.010
0.980
0.960
0.930
0.900
0.880
0.870
0.860
0.840
0.840
0.840
0.840
0.830
0.830
0.790
0.780
0.770
0.760
0.760
0.740
0.740
0.740
0.740
0.740
0.740
0.740
0.730
0.720
0.690
0.680
0.650
0.640
0.640
0.640
0.630
0.630
0.630
0.630
0.640
0.650
0.650
0.650
0.650
0.670
0.670
0.670
0.650
0.630
0.600
0.570
0.570
0.550
0.550
0.570
0.570
0.570
0.550
0.550
0.540
0.520
0.500
0.460
0.440
0.410
0.360
0.350
0.330
0.310
0.280
0.220
0.170
0.080
0.000
-0.050
-0.110
-0.170
-0.220
-0.280
-0.330
-0.370
-0.420
-0.450
-0.490
-0.530
-0.560
-0.570
-0.600
-0.610
-0.620
-0.620
-0.630
-0.630
-0.620
-0.620
-0.610
-0.620
-0.620
-0.630
-0.650
-0.660
-0.660
-0.660
-0.670
-0.680
-0.670
-0.660
-0.650
-0.630
-0.620
-0.620
-0.620
-0.620
-0.630
-0.630
-0.650
-0.650
-0.630
-0.630
-0.630
-0.630
-0.630
-0.630
-0.650
-0.650
-0.660
-0.670
-0.680
-0.680
-0.700
-0.700
-0.680
-0.700
-0.680
-0.670
-0.660
-0.650
-0.630
-0.620
-0.610
-0.600
-0.580
-0.570
-0.570
-0.560
-0.550
-0.530
-0.520
-0.510
-0.490
-0.490
-0.490
-0.490
-0.490
-0.510
-0.510
-0.490
-0.490
-0.480
-0.480
-0.470
-0.460
-0.440
-0.430
-0.420
-0.420
-0.420
-0.390
-0.390
-0.380
-0.340
-0.320
-0.320
-0.320
-0.320
-0.330
-0.330
-0.330
-0.330
-0.320
-0.310
-0.290
-0.290
-0.280
-0.270
-0.280
-0.270
-0.280
-0.290
-0.290
-0.290
-0.280
-0.270
-0.260
-0.270
-0.270
-0.270
-0.270
-0.260
-0.240
-0.230
-0.220
-0.190
-0.190
-0.180
-0.150
-0.150
-0.150
-0.150
-0.150
-0.150
-0.150
-0.150
-0.170
-0.180
-0.190
-0.190
-0.190
-0.200
-0.200
-0.200
-0.200
-0.200
-0.200
-0.200
-0.190
-0.180
-0.180
-0.180
-0.170
-0.170
-0.150
-0.140
-0.110
-0.110
-0.130
-0.130
-0.140
-0.140
-0.130
-0.110
-0.090
-0.060
-0.030
0.000
0.050
0.090
0.130
0.180
0.220
0.260
0.320
0.370
0.460
0.550
0.630
0.690
0.770
0.840
0.900
0.960
0.980
1.010
1.050
1.060
1.070
1.070
1.070
1.060
1.020
1.020
1.010
1.010
1.010
1.020
1.020
1.020
1.050
1.010
1.020
1.050
1.050
1.050
1.060
1.020
1.020
1.000
0.970
0.950
0.900
0.870
0.860
0.830
0.820
0.820
0.820
0.820
0.790
0.770
0.730
0.680
0.650
0.640
0.640
0.650
0.690
0.760
0.790
0.830
0.830
0.830
0.820
0.780
0.740
0.720
0.680
0.650
0.650
0.650
0.650
0.650
0.670
0.670
0.670
0.680
0.720
0.730
0.760
0.790
0.830
0.870
0.910
0.950
1.010
1.070
1.130
1.200
1.240
1.300
1.320
1.380
1.420
1.460
1.490
1.540
1.560
1.580
1.610
1.630
1.630
1.650
1.670
1.650
1.630
1.580
1.520
1.440
1.340
1.290
1.200
1.100
1.000
0.910
0.870
0.790
0.760
0.690
0.630
0.570
0.550
0.500
0.450
0.420
0.370
0.350
0.310
0.260
0.230
0.140
0.050
-0.080
-0.200
-0.370
-0.530
-0.690
-0.890
-1.060
-1.180
-1.320
-1.410
-1.440
-1.430
-1.390
-1.330
-1.220
-1.140
-1.050
-1.020
-0.990
-0.990
-1.010
-1.050
-1.080
-1.110
-1.140
-1.180
-1.180
-1.180
-1.160
-1.140
-1.090
-1.060
-1.010
-0.990
-0.950
-0.920
-0.890
-0.890
-0.890
-0.870
-0.860
-0.860
-0.850
-0.860
-0.860
-0.870
-0.890
-0.870
-0.860
-0.860
-0.850
-0.850
-0.840
-0.820
-0.820
-0.820
-0.810
-0.800
-0.790
-0.760
-0.730
-0.720
-0.710
-0.710
-0.700
-0.700
-0.710
-0.700
-0.700
-0.700
-0.700
-0.710
-0.710
-0.710
-0.720
-0.720
-0.720
-0.720
-0.710
-0.710
-0.720
-0.710
-0.700
-0.680
-0.670
-0.670
-0.660
-0.630
-0.610
-0.600
-0.580
-0.580
-0.570
-0.570
-0.560
-0.560
-0.560
-0.560
-0.570
-0.560
-0.570
-0.570
-0.550
-0.530
-0.530
-0.530
-0.550
-0.550
-0.560
-0.560
-0.570
-0.570
-0.570
-0.560
-0.560
-0.560
-0.560
-0.550
-0.550
-0.550
-0.530
-0.520
-0.520
-0.510
-0.490
-0.490
-0.480
-0.480
-0.470
-0.470
-0.470
-0.460
-0.440
-0.420
-0.420
-0.410
-0.390
-0.380
-0.380
-0.370
-0.370
-0.360
-0.340
-0.320
-0.310
-0.290
-0.290
-0.290
-0.290
-0.310
-0.320
-0.330
-0.340
-0.340
-0.360
-0.370
-0.380
-0.390
-0.390
-0.380
-0.380
-0.380
-0.380
-0.370
-0.360
-0.330
-0.320
-0.310
-0.320
-0.330
-0.330
-0.340
-0.330
-0.320
-0.290
-0.280
-0.270
-0.240
-0.230
-0.220
-0.190
-0.190
-0.170
-0.170
-0.180
-0.180
-0.180
-0.170
-0.150
-0.150
-0.150
-0.150
-0.150
-0.130
-0.100
-0.080
-0.040
0.000
0.090
0.180
0.260
0.360
0.460
0.580
0.690
0.820
0.900
0.980
1.070
1.130
1.160
1.200
1.210
1.200
1.190
1.170
1.140
1.100
1.090
1.050
1.020
1.010
1.020
1.010
1.000
1.010
1.020
1.050
1.070
1.090
1.090
1.070
1.020
0.970
0.910
0.870
0.840
0.820
0.790
0.790
0.790
0.820
0.830
0.820
0.820
0.780
0.770
0.740
0.740
0.740
0.740
0.770
0.770
0.770
0.760
0.740
0.740
0.740
0.740
0.740
0.740
0.730
0.730
0.720
0.720
0.690
0.690
0.690
0.680
0.680
0.680
0.670
0.670
0.670
0.670
0.670
0.670
0.670
0.650
0.650
0.640
0.640
0.640
0.650
0.650
0.650
0.650
0.650
0.650
0.640
0.630
0.630
0.630
0.630
0.600
0.550
0.510
0.420
0.350
0.290
0.230
0.170
0.090
0.040
-0.030
-0.090
-0.150
-0.220
-0.300
-0.380
-0.450
-0.530
-0.590
-0.630
-0.660
-0.660
-0.660
-0.660
-0.670
-0.680
-0.700
-0.700
-0.710
-0.710
-0.710
-0.700
-0.680
-0.670
-0.660
-0.660
-0.660
-0.670
-0.670
-0.680
-0.680
-0.700
-0.700
-0.710
-0.710
-0.700
-0.700
-0.680
-0.670
-0.670
-0.670
-0.670
-0.670
-0.660
-0.660
-0.660
-0.650
-0.650
-0.650
-0.650
-0.630
-0.610
-0.610
-0.620
-0.630
-0.660
-0.670
-0.680
-0.710
-0.710
-0.720
-0.720
-0.720
-0.710
-0.710
-0.700
-0.680
-0.670
-0.670
-0.670
-0.670
-0.660
-0.650
-0.650
-0.630
-0.620
-0.620
-0.620
-0.610
-0.600
-0.600
-0.580
-0.560
-0.530
-0.520
-0.490
-0.480
-0.470
-0.460
-0.460
-0.460
-0.460
-0.440
-0.440
-0.440
-0.440
-0.440
-0.440
-0.460
-0.460
-0.460
-0.440
-0.440
-0.430
-0.420
-0.420
-0.390
-0.380
-0.370
-0.360
-0.330
-0.320
-0.290
-0.270
-0.240
-0.230
-0.230
-0.240
-0.260
-0.270
-0.270
-0.260
-0.260
-0.240
-0.240
-0.240
-0.230
-0.230
-0.220
-0.220
-0.200
-0.190
-0.190
-0.190
-0.190
-0.180
-0.170
-0.180
-0.180
-0.190
-0.200
-0.200
-0.200
-0.200
-0.200
-0.200
-0.200
-0.200
-0.220
-0.220
-0.200
-0.200
-0.200
-0.190
-0.180
-0.170
-0.170
-0.150
-0.150
-0.150
-0.140
-0.130
-0.110
-0.080
-0.030
0.080
0.190
0.350
0.520
0.670
0.820
0.930
1.020
1.110
1.190
1.280
1.320
1.380
1.400
1.390
1.340
1.300
1.290
1.250
1.230
1.210
1.210
1.200
1.210
1.210
1.210
1.200
1.200
1.170
1.130
1.070
1.020
0.980
0.950
0.910
0.880
0.840
0.820
0.790
0.790
0.780
0.780
0.780
0.770
0.770
0.760
0.760
0.760
0.760
0.760
0.770
0.770
0.760
0.760
0.760
0.760
0.740
0.730
0.730
0.720
0.720
0.720
0.690
0.690
0.690
0.690
0.680
0.680
0.670
0.670
0.650
0.640
0.640
0.640
0.640
0.640
0.640
0.630
0.570
0.540
0.500
0.460
0.450
0.420
0.400
0.400
0.370
0.360
0.330
0.310
0.280
0.250
0.210
0.130
0.080
0.030
-0.040
-0.100
-0.150
-0.220
-0.290
-0.350
-0.420
-0.470
-0.520
-0.560
-0.580
-0.610
-0.610
-0.600
-0.600
-0.600
-0.600
-0.600
-0.600
-0.610
-0.610
-0.620
-0.630
-0.630
-0.630
-0.630
-0.620
-0.620
-0.620
-0.630
-0.630
-0.650
-0.650
-0.650
-0.630
-0.630
-0.620
-0.620
-0.610
-0.610
-0.600
-0.580
-0.560
-0.550
-0.550
-0.550
-0.560
-0.560
-0.550
-0.560
-0.560
-0.560
-0.560
-0.560
-0.560
-0.560
-0.560
-0.560
-0.560
-0.560
-0.560
-0.560
-0.560
-0.550
-0.530
-0.530
-0.550
-0.550
-0.530
-0.530
-0.530
-0.530
-0.550
-0.550
-0.530
-0.550
-0.550
-0.530
-0.530
-0.520
-0.520
-0.520
-0.520
-0.510
-0.510
-0.510
-0.510
-0.510
-0.510
-0.520
-0.520
-0.510
-0.510
-0.490
-0.490
-0.480
-0.470
-0.440
-0.430
-0.420
-0.410
-0.390
-0.380
-0.360
-0.330
-0.310
-0.310
-0.310
-0.320
-0.330
-0.330
-0.330
-0.340
-0.330
-0.320
-0.310
-0.290
-0.290
-0.290
-0.290
-0.290
-0.290
-0.310
-0.320
-0.320
-0.320
-0.320
-0.330
-0.330
-0.330
-0.340
-0.330
-0.330
-0.330
-0.330
-0.330
-0.310
-0.290
-0.280
-0.260
-0.240
-0.220
-0.190
-0.180
-0.150
-0.130
-0.100
-0.080
-0.060
-0.040
0.000
0.030
0.050
0.090
0.140
0.210
0.280
0.350
0.420
0.510
0.550
0.620
0.640
0.670
0.690
0.730
0.740
0.760
0.780
0.780
0.770
0.770
0.760
0.740
0.730
0.730
0.730
0.740
0.740
0.740
0.730
0.730
0.720
0.720
0.720
0.690
0.690
0.680
0.690
0.690
0.690
0.670
0.670
0.670
0.650
0.670
0.690
0.730
0.740
0.760
0.770
0.780
0.790
0.790
0.820
0.830
0.840
0.840
0.840
0.860
0.860
0.860
0.860
0.830
0.820
0.790
0.780
0.790
0.820
0.830
0.860
0.870
0.900
0.950
0.970
0.980
1.010
1.050
1.060
1.090
1.110
1.110
1.110
1.100
1.110
1.130
1.160
1.160
1.170
1.200
1.210
1.240
1.240
1.240
1.290
1.330
1.390
1.420
1.460
1.510
1.540
1.580
1.630
1.670
1.630
1.620
1.580
1.520
1.470
1.390
1.320
1.240
1.160
1.060
0.970
0.930
0.860
0.780
0.690
0.630
0.550
0.510
0.450
0.400
0.350
0.290
0.220
0.180
0.120
0.080
0.000
-0.060
-0.130
-0.190
-0.270
-0.330
-0.400
-0.480
-0.530
-0.570
-0.590
-0.610
-0.620
-0.610
-0.570
-0.550
-0.530
-0.550
-0.560
-0.570
-0.600
-0.600
-0.600
-0.580
-0.580
-0.560
-0.550
-0.530
-0.530
-0.550
-0.560
-0.580
-0.610
-0.610
-0.580
-0.560
-0.530
-0.510
-0.480
-0.490
-0.530
-0.560
-0.580
-0.610
-0.610
-0.610
-0.610
-0.600
-0.600
-0.580
-0.570
-0.570
-0.570
-0.570
-0.560
-0.560
-0.570
-0.570
-0.570
-0.570
-0.580
-0.580
-0.580
-0.580
-0.580
-0.610
-0.610
-0.620
-0.630
-0.620
-0.620
-0.600
-0.580
-0.570
-0.570
-0.570
-0.570
-0.570
-0.570
-0.570
-0.580
-0.600
-0.620
-0.650
-0.660
-0.670
-0.670
-0.670
-0.670
-0.670
-0.670
-0.660
-0.660
-0.660
-0.650
-0.630
-0.630
-0.620
-0.620
-0.620
-0.620
-0.620
-0.630
-0.630
-0.630
-0.630
-0.630
-0.620
-0.620
-0.610
-0.610
-0.600
-0.580
-0.580
-0.570
-0.560
-0.570
-0.560
-0.560
-0.560
-0.550
-0.530
-0.520
-0.520
-0.520
-0.530
-0.550
-0.550
-0.560
-0.560
-0.560
-0.560
-0.560
-0.560
-0.550
-0.530
-0.520
-0.510
-0.510
-0.490
-0.490
-0.480
-0.470
-0.460
-0.460
-0.480
-0.490
-0.520
-0.530
-0.550
-0.550
-0.550
-0.530
-0.530
-0.520
-0.520
-0.510
-0.490
-0.490
-0.480
-0.480
-0.480
-0.470
-0.460
-0.440
-0.440
-0.440
-0.440
-0.460
-0.460
-0.460
-0.440
-0.440
-0.430
-0.430
-0.420
-0.420
-0.420
-0.410
-0.410
-0.410
-0.390
-0.380
-0.380
-0.370
-0.360
-0.360
-0.370
-0.370
-0.370
-0.380
-0.390
-0.380
-0.380
-0.380
-0.380
-0.370
-0.370
-0.360
-0.330
-0.290
-0.260
-0.200
-0.140
-0.050
0.030
0.140
0.280
0.400
0.500
0.570
0.650
0.740
0.790
0.870
0.930
0.980
1.010
1.050
1.060
1.060
1.060
1.050
1.010
0.980
0.960
0.950
0.950
0.930
0.930
0.910
0.900
0.870
0.840
0.820
0.770
0.760
0.730
0.730
0.720
0.720
0.690
0.720
0.720
0.730
0.740
0.760
0.780
0.820
0.820
0.790
0.790
0.780
0.770
0.740
0.740
0.730
0.730
0.720
0.720
0.730
0.730
0.730
0.760
0.760
0.770
0.790
0.790
0.830
0.830
0.840
0.860
0.860
0.830
0.790
0.760
0.730
0.720
0.690
0.680
0.680
0.690
0.690
0.690
0.680
0.680
0.690
0.690
0.680
0.670
0.650
0.640
0.640
0.630
0.640
0.630
0.630
0.600
0.580
0.570
0.540
0.510
0.460
0.420
0.370
0.310
0.230
0.140
0.080
-0.030
-0.110
-0.200
-0.300
-0.380
-0.450
-0.520
-0.580
-0.630
-0.670
-0.700
-0.720
-0.750
-0.770
-0.790
-0.790
-0.790
-0.770
-0.750
-0.750
-0.720
-0.720
-0.720
-0.710
-0.720
-0.720
-0.720
-0.720
-0.730
-0.750
-0.770
-0.760
-0.760
-0.770
-0.760
-0.730
-0.720
-0.710
-0.680
-0.680
-0.670
-0.670
-0.680
-0.680
-0.700
-0.700
-0.710
-0.710
-0.710
-0.700
-0.680
-0.680
-0.670
-0.680
-0.670
-0.670
-0.660
-0.650
-0.650
-0.650
-0.630
-0.630
-0.620
-0.620
-0.610
-0.610
-0.610
-0.610
-0.600
-0.580
-0.580
-0.570
-0.580
-0.600
-0.600
-0.580
-0.580
-0.580
-0.570
-0.570
-0.570
-0.560
-0.550
-0.530
-0.510
-0.510
-0.510
-0.490
-0.480
-0.470
-0.460
-0.440
-0.430
-0.440
-0.440
-0.470
-0.470
-0.480
-0.480
-0.470
-0.470
-0.460
-0.460
-0.440
-0.430
-0.430
-0.420
-0.430
-0.430
-0.440
-0.440
-0.440
-0.430
-0.420
-0.420
-0.420
-0.420
-0.420
-0.420
-0.410
-0.390
-0.380
-0.370
-0.360
-0.360
-0.340
-0.340
-0.330
-0.330
-0.320
-0.310
-0.310
-0.290
-0.280
-0.270
-0.280
-0.280
-0.280
-0.280
-0.290
-0.290
-0.320
-0.320
-0.330
-0.330
-0.330
-0.330
-0.330
-0.330
-0.330
-0.330
-0.320
-0.290
-0.270
-0.230
-0.170
-0.130
-0.080
0.000
0.050
0.140
0.260
0.360
0.460
0.550
0.650
0.740
0.820
0.860
0.900
0.910
0.950
0.950
0.970
0.980
1.000
1.010
1.010
1.010
1.000
0.980
0.970
0.950
0.900
0.870
0.860
0.860
0.860
0.860
0.860
0.860
0.840
0.830
0.830
0.820
0.820
0.820
0.820
0.820
0.830
0.820
0.790
0.770
0.760
0.740
0.740
0.760
0.760
0.780
0.780
0.780
0.780
0.790
0.780
0.780
0.780
0.790
0.780
0.790
0.830
0.830
0.820
0.780
0.770
0.760
0.760
0.760
0.740
0.740
0.740
0.730
0.720
0.720
0.690
0.670
0.640
0.620
0.570
0.550
0.550
0.550
0.550
0.550
0.570
0.570
0.550
0.550
0.570
0.570
0.570
0.570
0.550
0.550
0.540
0.520
0.510
0.470
0.450
0.420
0.400
0.360
0.330
0.310
0.260
0.210
0.180
0.120
0.080
0.030
-0.040
-0.090
-0.150
-0.200
-0.280
-0.330
-0.380
-0.430
-0.490
-0.540
-0.570
-0.590
-0.600
-0.600
-0.600
-0.610
-0.630
-0.650
-0.660
-0.660
-0.650
-0.650
-0.630
-0.650
-0.650
-0.650
-0.660
-0.670
-0.680
-0.680
-0.680
-0.700
-0.700
-0.680
-0.680
-0.670
-0.670
-0.660
-0.650
-0.650
-0.660
-0.660
-0.660
-0.660
-0.660
-0.660
-0.660
-0.660
-0.650
-0.660
-0.650
-0.650
-0.630
-0.630
-0.610
-0.600
-0.600
-0.580
-0.580
-0.580
-0.580
-0.580
-0.580
-0.570
-0.560
-0.560
-0.550
-0.550
-0.550
-0.530
-0.520
-0.520
-0.520
-0.520
-0.520
-0.510
-0.480
-0.470
-0.470
-0.480
-0.480
-0.490
-0.490
-0.510
-0.490
-0.490
-0.480
-0.470
-0.440
-0.430
-0.410
-0.390
-0.380
-0.380
-0.380
-0.370
-0.370
-0.360
-0.360
-0.360
-0.360
-0.360
-0.360
-0.360
-0.360
-0.360
-0.360
-0.360
-0.340
-0.340
-0.330
-0.330
-0.320
-0.320
-0.310
-0.290
-0.280
-0.270
-0.260
-0.240
-0.230
-0.230
-0.240
-0.240
-0.240
-0.240
-0.240
-0.230
-0.220
-0.200
-0.190
-0.180
-0.180
-0.150
-0.150
-0.150
-0.150
-0.150
-0.140
-0.110
-0.090
-0.060
-0.060
-0.080
-0.090
-0.100
-0.100
-0.110
-0.090
-0.080
-0.050
-0.030
0.000
0.050
0.100
0.140
0.210
0.260
0.320
0.360
0.440
0.500
0.540
0.570
0.580
0.600
0.620
0.640
0.650
0.670
0.680
0.680
0.690
0.690
0.690
0.690
0.690
0.680
0.680
0.680
0.680
0.690
0.690
0.720
0.720
0.720
0.690
0.690
0.680
0.670
0.650
0.640
0.640
0.630
0.630
0.640
0.640
0.670
0.680
0.720
0.720
0.730
0.730
0.730
0.740
0.760
0.740
0.730
0.720
0.680
0.670
0.650
0.650
0.640
0.640
0.640
0.640
0.640
0.640
0.630
0.620
0.580
0.570
0.550
0.540
0.540
0.520
0.520
0.520
0.500
0.500
0.470
0.460
0.460
0.460
0.460
0.460
0.460
0.460
0.460
0.460
0.500
0.510
0.510
0.520
0.540
0.540
0.540
0.540
0.520
0.510
0.470
0.450
0.410
0.370
0.330
0.280
0.230
0.170
0.100
0.040
0.000
-0.080
-0.140
-0.190
-0.250
-0.320
-0.350
-0.400
-0.470
-0.530
-0.570
-0.610
-0.620
-0.650
-0.650
-0.660
-0.660
-0.660
-0.650
-0.630
-0.620
-0.620
-0.610
-0.600
-0.610
-0.620
-0.630
-0.630
-0.650
-0.650
-0.660
-0.660
-0.660
-0.670
-0.660
-0.660
-0.650
-0.630
-0.630
-0.620
-0.600
-0.600
-0.580
-0.580
-0.570
-0.570
-0.560
-0.550
-0.550
-0.550
-0.550
-0.530
-0.550
-0.550
-0.550
-0.550
-0.550
-0.550
-0.550
-0.550
-0.550
-0.530
-0.520
-0.510
-0.490
-0.480
-0.470
-0.470
-0.440
-0.420
-0.410
-0.380
-0.380
-0.390
-0.410
-0.410
-0.420
-0.410
-0.410
-0.390
-0.380
-0.380
-0.370
-0.370
-0.370
-0.370
-0.370
-0.380
-0.380
-0.380
-0.380
-0.370
-0.370
-0.370
-0.370
-0.370
-0.370
-0.370
-0.370
-0.370
-0.360
-0.340
-0.340
-0.320
-0.320
-0.310
-0.290
-0.280
-0.270
-0.260
-0.240
-0.240
-0.230
-0.230
-0.230
-0.240
-0.260
-0.270
-0.280
-0.280
-0.290
-0.290
-0.280
-0.280
-0.270
-0.260
-0.240
-0.240
-0.240
-0.230
-0.230
-0.220
-0.190
-0.170
-0.180
-0.180
-0.200
-0.230
-0.230
-0.230
-0.220
-0.200
-0.190
-0.180
-0.170
-0.150
-0.150
-0.140
-0.110
-0.090
-0.080
-0.040
0.000
0.050
0.130
0.220
0.290
0.370
0.450
0.520
0.580
0.630
0.650
0.670
0.680
0.680
0.680
0.680
0.690
0.720
0.730
0.740
0.760
0.780
0.790
0.790
0.790
0.770
0.760
0.760
0.740
0.730
0.730
0.720
0.720
0.690
0.690
0.680
0.690
0.690
0.720
0.720
0.740
0.740
0.770
0.780
0.790
0.790
0.780
0.770
0.740
0.720
0.680
0.680
0.670
0.670
0.650
0.670
0.670
0.680
0.680
0.670
0.650
0.640
0.630
0.600
0.570
0.550
0.550
0.550
0.540
0.520
0.520
0.510
0.510
0.500
0.510
0.500
0.500
0.470
0.470
0.460
0.460
0.460
0.460
0.460
0.470
0.470
0.470
0.470
0.460
0.450
0.440
0.440
0.440
0.450
0.450
0.450
0.440
0.440
0.440
0.420
0.420
0.420
0.420
0.410
0.370
0.370
0.350
0.320
0.280
0.220
0.130
0.050
-0.030
-0.100
-0.150
-0.220
-0.290
-0.340
-0.400
-0.450
-0.520
-0.560
-0.580
-0.610
-0.610
-0.610
-0.620
-0.620
-0.610
-0.610
-0.600
-0.580
-0.600
-0.600
-0.610
-0.610
-0.620
-0.620
-0.620
-0.620
-0.630
-0.620
-0.620
-0.620
-0.620
-0.610
-0.600
-0.580
-0.580
-0.580
-0.570
-0.570
-0.570
-0.570
-0.570
-0.570
-0.560
-0.570
-0.560
-0.550
-0.530
-0.530
-0.520
-0.520
-0.510
-0.510
-0.510
-0.490
-0.490
-0.480
-0.460
-0.460
-0.460
-0.480
-0.490
-0.510
-0.520
-0.520
-0.520
-0.520
-0.520
-0.520
-0.520
-0.510
-0.510
-0.490
-0.490
-0.490
-0.490
-0.490
-0.480
-0.470
-0.470
-0.470
-0.470
-0.470
-0.460
-0.460
-0.460
-0.440
-0.430
-0.420
-0.420
-0.410
-0.390
-0.380
-0.370
-0.370
-0.360
-0.340
-0.330
-0.320
-0.310
-0.320
-0.330
-0.330
-0.340
-0.360
-0.370
-0.370
-0.370
-0.380
-0.380
-0.380
-0.380
-0.370
-0.340
-0.340
-0.330
-0.320
-0.320
-0.290
-0.270
-0.240
-0.260
-0.270
-0.290
-0.290
-0.310
-0.310
-0.290
-0.280
-0.270
-0.260
-0.240
-0.230
-0.200
-0.190
-0.180
-0.170
-0.150
-0.150
-0.150
-0.140
-0.130
-0.110
-0.130
-0.130
-0.130
-0.130
-0.130
-0.100
-0.090
-0.060
-0.040
0.000
0.040
0.090
0.140
0.210
0.280
0.350
0.420
0.470
0.550
0.580
0.630
0.650
0.670
0.680
0.690
0.690
0.690
0.720
0.690
0.720
0.720
0.740
0.760
0.770
0.770
0.780
0.790
0.820
0.830
0.840
0.860
0.860
0.830
0.790
0.760
0.730
0.690
0.680
0.670
0.680
0.680
0.690
0.690
0.720
0.690
0.690
0.680
0.670
0.650
0.650
0.650
0.650
0.650
0.640
0.630
0.630
0.630
0.640
0.650
0.670
0.670
0.680
0.680
0.680
0.680
0.670
0.670
0.650
0.640
0.630
0.630
0.630
0.600
0.600
0.580
0.570
0.570
0.580
0.580
0.570
0.580
0.580
0.570
0.570
0.580
0.570
0.570
0.580
0.600
0.620
0.630
0.650
0.670
0.650
0.630
0.570
0.550
0.500
0.470
0.450
0.440
0.420
0.400
0.370
0.370
0.360
0.350
0.350
0.330
0.310
0.280
0.230
0.210
0.180
0.140
0.130
0.100
0.080
0.040
0.000
-0.030
-0.060
-0.080
-0.100
-0.130
-0.150
-0.170
-0.200
-0.240
-0.280
-0.330
-0.380
-0.420
-0.450
-0.500
-0.530
-0.560
-0.600
-0.610
-0.620
-0.630
-0.650
-0.660
-0.660
-0.660
-0.660
-0.630
-0.620
-0.610
-0.580
-0.570
-0.560
-0.550
-0.550
-0.530
-0.530
-0.550
-0.570
-0.580
-0.600
-0.610
-0.610
-0.600
-0.600
-0.580
-0.570
-0.560
-0.550
-0.530
-0.520
-0.510
-0.510
-0.520
-0.530
-0.530
-0.550
-0.550
-0.530
-0.530
-0.550
-0.560
-0.560
-0.560
-0.560
-0.560
-0.570
-0.570
-0.570
-0.570
-0.570
-0.570
-0.560
-0.560
-0.550
-0.530
-0.530
-0.520
-0.520
-0.530
-0.530
-0.530
-0.530
-0.530
-0.530
-0.520
-0.520
-0.510
-0.510
-0.490
-0.480
-0.470
-0.470
-0.470
-0.460
-0.440
-0.430
-0.420
-0.390
-0.380
-0.390
-0.390
-0.410
-0.420
-0.420
-0.420
-0.420
-0.410
-0.390
-0.390
-0.380
-0.370
-0.370
-0.360
-0.360
-0.360
-0.360
-0.370
-0.370
-0.360
-0.360
-0.360
-0.370
-0.370
-0.370
-0.370
-0.370
-0.370
-0.360
-0.340
-0.330
-0.330
-0.320
-0.310
-0.310
-0.290
-0.290
-0.290
-0.290
-0.280
-0.270
-0.280
-0.290
-0.310
-0.320
-0.330
-0.340
-0.340
-0.340
-0.340
-0.330
-0.320
-0.290
-0.270
-0.240
-0.240
-0.230
-0.200
-0.190
-0.170
-0.150
-0.140
-0.150
-0.150
-0.170
-0.150
-0.150
-0.130
-0.090
-0.050
0.000
0.090
0.180
0.280
0.370
0.470
0.570
0.650
0.740
0.780
0.830
0.870
0.900
0.900
0.870
0.860
0.840
0.820
0.790
0.790
0.780
0.790
0.790
0.790
0.820
0.820
0.820
0.820
0.790
0.820
0.820
0.820
0.830
0.830
0.820
0.820
0.790
0.780
0.780
0.760
0.760
0.760
0.760
0.760
0.760
0.770
0.770
0.770
0.780
0.780
0.790
0.790
0.820
0.820
0.830
0.790
0.780
0.740
0.720
0.690
0.680
0.680
0.690
0.690
0.720
0.720
0.720
0.690
0.680
0.680
0.670
0.640
0.640
0.620
0.620
0.600
0.580
0.570
0.550
0.550
0.550
0.540
0.540
0.520
0.520
0.520
0.500
0.470
0.470
0.460
0.450
0.440
0.420
0.410
0.410
0.400
0.360
0.350
0.330
0.350
0.350
0.350
0.330
0.330
0.310
0.290
0.290
0.280
0.290
0.310
0.310
0.310
0.310
0.310
0.290
0.280
0.250
0.220
0.180
0.120
0.080
0.030
0.000
-0.050
-0.090
-0.140
-0.170
-0.200
-0.270
-0.320
-0.380
-0.440
-0.500
-0.560
-0.590
-0.620
-0.630
-0.650
-0.630
-0.630
-0.630
-0.630
-0.630
-0.620
-0.620
-0.610
-0.600
-0.600
-0.580
-0.580
-0.600
-0.600
-0.600
-0.600
-0.610
-0.610
-0.600
-0.600
-0.580
-0.580
-0.580
-0.570
-0.570
-0.560
-0.560
-0.560
-0.560
-0.560
-0.550
-0.530
-0.520
-0.510
-0.490
-0.490
-0.480
-0.460
-0.440
-0.420
-0.410
-0.420
-0.430
-0.460
-0.480
-0.490
-0.510
-0.510
-0.520
-0.510
-0.510
-0.490
-0.480
-0.480
-0.470
-0.460
-0.460
-0.460
-0.460
-0.440
-0.440
-0.440
-0.440
-0.440
-0.440
-0.440
-0.460
-0.460
-0.460
-0.460
-0.460
-0.460
-0.460
-0.440
-0.430
-0.430
-0.420
-0.420
-0.410
-0.390
-0.380
-0.370
-0.370
-0.360
-0.370
-0.370
-0.380
-0.380
-0.380
-0.380
-0.380
-0.370
-0.370
-0.360
-0.340
-0.320
-0.320
-0.310
-0.290
-0.290
-0.280
-0.260
-0.240
-0.230
-0.260
-0.280
-0.310
-0.310
-0.320
-0.320
-0.320
-0.310
-0.290
-0.280
-0.270
-0.260
-0.240
-0.240
-0.240
-0.240
-0.240
-0.260
-0.240
-0.230
-0.230
-0.240
-0.240
-0.240
-0.240
-0.240
-0.240
-0.240
-0.230
-0.230
-0.230
-0.230
-0.220
-0.220
-0.220
-0.220
-0.230
-0.220
-0.220
-0.200
-0.200
-0.220
-0.220
-0.230
-0.230
-0.240
-0.240
-0.240
-0.260
-0.260
-0.260
-0.270
-0.260
-0.240
-0.230
-0.230
-0.200
-0.180
-0.150
-0.130
-0.060
0.000
0.050
0.090
0.130
0.180
0.220
0.280
0.320
0.370
0.440
0.510
0.550
0.600
0.630
0.650
0.680
0.690
0.720
0.730
0.730
0.740
0.740
0.760
0.760
0.740
0.730
0.730
0.720
0.730
0.720
0.730
0.730
0.730
0.730
0.740
0.730
0.740
0.760
0.770
0.780
0.820
0.830
0.860
0.860
0.860
0.840
0.830
0.820
0.790
0.780
0.770
0.770
0.760
0.760
0.770
0.780
0.790
0.790
0.790
0.790
0.820
0.830
0.860
0.870
0.870
0.860
0.830
0.790
0.760
0.740
0.720
0.690
0.680
0.670
0.650
0.650
0.640
0.630
0.630
0.620
0.580
0.580
0.580
0.580
0.620
0.630
0.640
0.630
0.630
0.620
0.580
0.570
0.570
0.550
0.550
0.540
0.520
0.510
0.500
0.500
0.500
0.470
0.470
0.500
0.470
0.460
0.440
0.410
0.370
0.360
0.350
0.330
0.310
0.280
0.250
0.220
0.190
0.170
0.130
0.090
0.050
0.000
-0.040
-0.090
-0.130
-0.150
-0.190
-0.250
-0.330
-0.390
-0.450
-0.490
-0.530
-0.570
-0.580
-0.600
-0.610
-0.610
-0.610
-0.600
-0.600
-0.580
-0.570
-0.580
-0.580
-0.600
-0.600
-0.610
-0.600
-0.600
-0.600
-0.580
-0.600
-0.600
-0.580
-0.600
-0.600
-0.600
-0.610
-0.600
-0.600
-0.600
-0.610
-0.600
-0.600
-0.600
-0.600
-0.600
-0.610
-0.610
-0.610
-0.610
-0.610
-0.610
-0.610
-0.610
-0.600
-0.610
-0.600
-0.580
-0.570
-0.560
-0.560
-0.560
-0.560
-0.560
-0.550
-0.530
-0.520
-0.530
-0.530
-0.560
-0.560
-0.560
-0.570
-0.570
-0.570
-0.570
-0.560
-0.560
-0.560
-0.550
-0.550
-0.550
-0.530
-0.530
-0.520
-0.520
-0.510
-0.510
-0.490
-0.480
-0.480
-0.470
-0.470
-0.460
-0.440
-0.430
-0.420
-0.410
-0.380
-0.380
-0.370
-0.360
-0.340
-0.340
-0.330
-0.320
-0.310
-0.280
-0.280
-0.280
-0.280
-0.290
-0.290
-0.310
-0.320
-0.320
-0.320
-0.320
-0.320
-0.320
-0.310
-0.290
-0.290
-0.290
-0.310
-0.290
-0.290
-0.290
-0.270
-0.260
-0.270
-0.280
-0.290
-0.320
-0.320
-0.320
-0.320
-0.320
-0.310
-0.290
-0.280
-0.270
-0.270
-0.260
-0.260
-0.260
-0.260
-0.270
-0.270
-0.260
-0.240
-0.240
-0.240
-0.240
-0.260
-0.240
-0.240
-0.240
-0.230
-0.220
-0.220
-0.190
-0.190
-0.180
-0.170
-0.150
-0.140
-0.110
-0.080
-0.050
0.000
0.040
0.080
0.100
0.120
0.140
0.170
0.190
0.230
0.290
0.330
0.420
0.500
0.570
0.640
0.720
0.760
0.790
0.830
0.860
0.870
0.900
0.910
0.910
0.880
0.870
0.840
0.820
0.790
0.780
0.780
0.780
0.780
0.790
0.790
0.780
0.780
0.770
0.770
0.760
0.740
0.730
0.730
0.730
0.730
0.740
0.730
0.720
0.680
0.670
0.650
0.650
0.650
0.670
0.680
0.690
0.720
0.720
0.720
0.720
0.690
0.680
0.670
0.670
0.680
0.670
0.650
0.650
0.630
0.630
0.620
0.600
0.600
0.600
0.600
0.600
0.620
0.620
0.620
0.630
0.630
0.640
0.650
0.650
0.670
0.650
0.640
0.600
0.570
0.540
0.520
0.500
0.500
0.470
0.460
0.460
0.440
0.410
0.400
0.370
0.350
0.320
0.290
0.260
0.230
0.210
0.190
0.190
0.210
0.210
0.190
0.180
0.140
0.130
0.120
0.100
0.100
0.100
0.090
0.080
0.080
0.040
0.030
0.000
0.000
-0.040
-0.050
-0.100
-0.140
-0.180
-0.240
-0.290
-0.340
-0.400
-0.450
-0.520
-0.560
-0.590
-0.610
-0.620
-0.620
-0.620
-0.620
-0.610
-0.610
-0.600
-0.580
-0.570
-0.560
-0.570
-0.580
-0.600
-0.610
-0.620
-0.620
-0.620
-0.610
-0.610
-0.580
-0.570
-0.580
-0.570
-0.570
-0.560
-0.560
-0.570
-0.570
-0.580
-0.580
-0.580
-0.580
-0.600
-0.600
-0.610
-0.620
-0.620
-0.610
-0.610
-0.600
-0.600
-0.580
-0.580
-0.580
-0.570
-0.570
-0.570
-0.560
-0.550
-0.530
-0.520
-0.510
-0.510
-0.510
-0.510
-0.510
-0.490
-0.490
-0.480
-0.480
-0.480
-0.470
-0.470
-0.460
-0.460
-0.440
-0.440
-0.460
-0.440
-0.430
-0.420
-0.420
-0.430
-0.440
-0.460
-0.460
-0.460
-0.460
-0.440
-0.430
-0.420
-0.410
-0.380
-0.380
-0.370
-0.360
-0.340
-0.340
-0.340
-0.340
-0.330
-0.320
-0.320
-0.320
-0.330
-0.330
-0.330
-0.330
-0.330
-0.340
-0.340
-0.340
-0.360
-0.340
-0.340
-0.340
-0.330
-0.330
-0.330
-0.320
-0.310
-0.310
-0.310
-0.310
-0.290
-0.290
-0.290
-0.290
-0.290
-0.290
-0.290
-0.280
-0.280
-0.280
-0.260
-0.240
-0.240
-0.240
-0.240
-0.230
-0.230
-0.200
-0.180
-0.170
-0.180
-0.200
-0.220
-0.230
-0.240
-0.240
-0.240
-0.240
-0.240
-0.230
-0.230
-0.200
-0.200
-0.190
-0.190
-0.190
-0.180
-0.170
-0.150
-0.130
-0.090
-0.050
0.000
0.050
0.120
0.190
0.280
0.400
0.500
0.580
0.680
0.770
0.830
0.870
0.910
0.930
0.930
0.950
0.950
0.930
0.900
0.880
0.880
0.870
0.870
0.870
0.880
0.880
0.880
0.900
0.900
0.900
0.900
0.910
0.910
0.900
0.900
0.900
0.880
0.880
0.900
0.910
0.900
0.880
0.870
0.840
0.820
0.780
0.770
0.760
0.740
0.730
0.720
0.720
0.720
0.690
0.720
0.720
0.720
0.720
0.720
0.690
0.690
0.680
0.680
0.650
0.650
0.640
0.640
0.630
0.620
0.600
0.600
0.600
0.630
0.640
0.640
0.640
0.650
0.640
0.640
0.640
0.640
0.630
0.600
0.570
0.550
0.540
0.520
0.500
0.470
0.450
0.440
0.440
0.440
0.420
0.420
0.420
0.440
0.440
0.450
0.460
0.470
0.510
0.510
0.470
0.450
0.410
0.370
0.370
0.370
0.370
0.360
0.360
0.360
0.350
0.330
0.320
0.310
0.280
0.260
0.230
0.220
0.210
0.210
0.180
0.180
0.140
0.120
0.080
0.030
-0.030
-0.080
-0.130
-0.180
-0.250
-0.300
-0.350
-0.420
-0.480
-0.530
-0.560
-0.580
-0.580
-0.610
-0.610
-0.610
-0.620
-0.610
-0.610
-0.610
-0.610
-0.620
-0.630
-0.650
-0.650
-0.660
-0.650
-0.650
-0.630
-0.630
-0.620
-0.610
-0.600
-0.580
-0.560
-0.560
-0.560
-0.570
-0.580
-0.600
-0.600
-0.610
-0.600
-0.600
-0.600
-0.600
-0.600
-0.600
-0.580
-0.580
-0.580
-0.580
-0.580
-0.570
-0.570
-0.570
-0.560
-0.560
-0.570
-0.580
-0.600
-0.610
-0.610
-0.620
-0.650
-0.650
-0.650
-0.650
-0.650
-0.630
-0.630
-0.620
-0.620
-0.610
-0.600
-0.580
-0.570
-0.570
-0.570
-0.570
-0.570
-0.570
-0.570
-0.570
-0.570
-0.560
-0.550
-0.550
-0.520
-0.490
-0.470
-0.460
-0.440
-0.420
-0.390
-0.370
-0.330
-0.320
-0.310
-0.310
-0.320
-0.330
-0.340
-0.340
-0.330
-0.330
-0.330
-0.320
-0.320
-0.330
-0.330
-0.330
-0.340
-0.360
-0.370
-0.390
-0.390
-0.410
-0.410
-0.410
-0.410
-0.410
-0.390
-0.390
-0.370
-0.360
-0.340
-0.330
-0.330
-0.320
-0.310
-0.290
-0.290
-0.280
-0.280
-0.270
-0.240
-0.240
-0.230
-0.230
-0.240
-0.230
-0.230
-0.230
-0.220
-0.200
-0.180
-0.150
-0.140
-0.100
-0.050
0.000
0.080
0.140
0.210
0.260
0.320
0.410
0.500
0.570
0.640
0.680
0.720
0.730
0.740
0.730
0.720
0.720
0.720
0.760
0.830
0.910
1.000
1.090
1.130
1.160
1.160
1.130
1.090
1.020
0.960
0.910
0.840
0.780
0.740
0.680
0.650
0.620
0.570
0.540
0.500
0.440
0.370
0.320
0.250
0.180
0.120
0.080
0.030
-0.030
-0.050
-0.080
-0.100
-0.110
-0.100
-0.080
-0.030
0.040
0.130
0.250
0.360
0.440
0.500
0.540
0.550
0.580
0.620
0.620
0.630
0.620
0.600
0.580
0.570
0.540
0.470
0.400
0.320
0.230
0.170
0.100
0.050
0.030
0.000
-0.030
-0.050
-0.060
-0.090
-0.090
-0.110
-0.130
-0.150
-0.170
-0.180
-0.190
-0.180
-0.180
-0.180
-0.170
-0.150
-0.140
-0.100
-0.060
0.000
0.030
0.090
0.170
0.230
0.310
0.360
0.440
0.500
0.540
0.580
0.630
0.630
0.630
0.620
0.580
0.570
0.550
0.550
0.540
0.540
0.540
0.540
0.520
0.540
0.550
0.570
0.600
0.620
0.630
0.630
0.630
0.650
0.670
0.680
0.680
0.680
0.670
0.680
0.720
0.740
0.760
0.760
0.740
0.720
0.670
0.640
0.580
0.550
0.500
0.420
0.320
0.210
0.090
0.000
-0.090
-0.180
-0.270
-0.350
-0.430
-0.500
-0.580
-0.630
-0.680
-0.710
-0.730
-0.750
-0.750
-0.750
-0.750
-0.730
-0.730
-0.710
-0.710
-0.700
-0.680
-0.670
-0.650
-0.630
-0.630
-0.630
-0.620
-0.610
-0.610
-0.610
-0.610
-0.610
-0.610
-0.610
-0.610
-0.600
-0.600
-0.600
-0.580
-0.580
-0.580
-0.560
-0.560
-0.550
-0.560
-0.570
-0.580
-0.600
-0.610
-0.610
-0.610
-0.620
-0.620
-0.610
-0.620
-0.610
-0.600
-0.600
-0.580
-0.580
-0.580
-0.570
-0.550
-0.530
-0.520
-0.510
-0.510
-0.510
-0.510
-0.510
-0.510
-0.520
-0.520
-0.520
-0.510
-0.520
-0.510
-0.510
-0.490
-0.480
-0.470
-0.460
-0.440
-0.430
-0.430
-0.420
-0.440
-0.460
-0.470
-0.480
-0.490
-0.520
-0.520
-0.520
-0.510
-0.490
-0.480
-0.460
-0.440
-0.420
-0.390
-0.380
-0.370
-0.340
-0.330
-0.310
-0.290
-0.290
-0.310
-0.310
-0.310
-0.290
-0.270
-0.230
-0.200
-0.170
-0.130
-0.090
-0.060
-0.030
0.000
0.000
0.030
0.000
0.000
0.000
0.000
-0.030
-0.050
-0.080
-0.090
-0.100
-0.100
-0.100
-0.090
-0.060
-0.030
0.000
0.080
0.140
0.230
0.320
0.420
0.520
0.620
0.720
0.780
0.830
0.870
0.900
0.900
0.900
0.900
0.880
0.870
0.880
0.870
0.870
0.870
0.880
0.900
0.910
0.950
0.970
1.000
1.010
1.020
1.050
1.050
1.020
1.010
0.980
0.950
0.900
0.870
0.860
0.860
0.860
0.870
0.880
0.880
0.870
0.840
0.820
0.780
0.740
0.720
0.680
0.670
0.650
0.670
0.670
0.670
0.650
0.640
0.640
0.630
0.630
0.630
0.600
0.580
0.550
0.550
0.520
0.520
0.520
0.510
0.510
0.520
0.520
0.520
0.520
0.520
0.520
0.520
0.540
0.540
0.540
0.520
0.520
0.510
0.510
0.510
0.500
0.500
0.460
0.450
0.420
0.410
0.370
0.360
0.330
0.280
0.210
0.130
0.080
0.000
-0.050
-0.090
-0.140
-0.170
-0.220
-0.280
-0.330
-0.380
-0.440
-0.480
-0.520
-0.540
-0.560
-0.560
-0.570
-0.560
-0.550
-0.550
-0.530
-0.530
-0.550
-0.560
-0.560
-0.570
-0.570
-0.570
-0.570
-0.580
-0.580
-0.580
-0.600
-0.600
-0.600
-0.610
-0.610
-0.610
-0.620
-0.630
-0.630
-0.650
-0.650
-0.660
-0.660
-0.660
-0.660
-0.660
-0.660
-0.660
-0.650
-0.620
-0.620
-0.610
-0.610
-0.610
-0.600
-0.580
-0.570
-0.570
-0.570
-0.600
-0.620
-0.620
-0.630
-0.630
-0.630
-0.620
-0.600
-0.580
-0.570
-0.550
-0.550
-0.530
-0.520
-0.520
-0.520
-0.520
-0.490
-0.480
-0.470
-0.460
-0.460
-0.440
-0.440
-0.430
-0.420
-0.420
-0.390
-0.390
-0.380
-0.380
-0.380
-0.380
-0.380
-0.380
-0.380
-0.370
-0.370
-0.360
-0.340
-0.330
-0.330
-0.340
-0.360
-0.360
-0.370
-0.370
-0.370
-0.360
-0.360
-0.360
-0.330
-0.320
-0.290
-0.290
-0.270
-0.270
-0.260
-0.230
-0.200
-0.190
-0.180
-0.190
-0.200
-0.220
-0.230
-0.230
-0.230
-0.220
-0.220
-0.200
-0.190
-0.180
-0.180
-0.170
-0.150
-0.170
-0.150
-0.170
-0.170
-0.170
-0.150
-0.150
-0.150
-0.170
-0.170
-0.170
-0.170
-0.150
-0.150
-0.140
-0.100
-0.060
0.000
0.080
0.180
0.290
0.410
0.520
0.630
0.720
0.790
0.840
0.880
0.900
0.900
0.900
0.900
0.880
0.880
0.900
0.880
0.900
0.900
0.910
0.930
0.950
0.960
0.970
0.970
0.950
0.960
0.960
0.960
0.950
0.950
0.910
0.900
0.880
0.870
0.860
0.830
0.820
0.820
0.820
0.820
0.820
0.820
0.790
0.770
0.740
0.690
0.670
0.650
0.670
0.670
0.670
0.670
0.670
0.650
0.640
0.630
0.620
0.580
0.570
0.570
0.550
0.550
0.550
0.570
0.550
0.570
0.550
0.540
0.520
0.500
0.460
0.450
0.450
0.460
0.470
0.500
0.500
0.500
0.510
0.520
0.520
0.520
0.520
0.520
0.520
0.510
0.510
0.510
0.520
0.520
0.520
0.500
0.460
0.440
0.400
0.360
0.330
0.310
0.280
0.260
0.220
0.180
0.120
0.080
0.000
-0.060
-0.140
-0.190
-0.270
-0.330
-0.380
-0.430
-0.480
-0.520
-0.560
-0.580
-0.580
-0.580
-0.580
-0.580
-0.580
-0.600
-0.600
-0.610
-0.610
-0.610
-0.600
-0.570
-0.560
-0.560
-0.560
-0.560
-0.570
-0.600
-0.600
-0.610
-0.620
-0.620
-0.630
-0.630
-0.650
-0.650
-0.630
-0.610
-0.600
-0.580
-0.570
-0.560
-0.550
-0.530
-0.520
-0.490
-0.480
-0.480
-0.510
-0.520
-0.530
-0.530
-0.550
-0.560
-0.560
-0.560
-0.550
-0.550
-0.550
-0.530
-0.530
-0.550
-0.550
-0.570
-0.580
-0.570
-0.570
-0.580
-0.580
-0.580
-0.600
-0.610
-0.610
-0.610
-0.610
-0.610
-0.610
-0.610
-0.600
-0.600
-0.600
-0.580
-0.570
-0.560
-0.530
-0.520
-0.510
-0.480
-0.470
-0.470
-0.470
-0.460
-0.460
-0.460
-0.460
-0.460
-0.460
-0.440
-0.440
-0.430
-0.410
-0.390
-0.380
-0.370
-0.360
-0.330
-0.310
-0.270
-0.260
-0.230
-0.230
-0.230
-0.230
-0.230
-0.220
-0.200
-0.180
-0.150
-0.090
0.030
0.180
0.350
0.520
0.630
0.730
0.770
0.790
0.820
0.790
0.770
0.730
0.690
0.670
0.640
0.640
0.650
0.670
0.690
0.720
0.730
0.740
0.740
0.740
0.740
0.730
0.690
0.690
0.680
0.670
0.670
0.650
0.640
0.630
0.620
0.600
0.600
0.630
0.640
0.650
0.650
0.650
0.650
0.650
0.650
0.650
0.640
0.650
0.670
0.670
0.680
0.720
0.720
0.690
0.670
0.630
0.600
0.570
0.550
0.550
0.550
0.550
0.570
0.580
0.600
0.580
0.580
0.570
0.550
0.510
0.470
0.460
0.460
0.470
0.500
0.510
0.510
0.510
0.500
0.500
0.500
0.500
0.500
0.460
0.450
0.440
0.420
0.410
0.400
0.400
0.370
0.360
0.350
0.350
0.320
0.280
0.230
0.180
0.120
0.050
0.000
-0.080
-0.140
-0.190
-0.240
-0.290
-0.340
-0.380
-0.420
-0.450
-0.470
-0.480
-0.480
-0.460
-0.460
-0.470
-0.480
-0.520
-0.550
-0.560
-0.550
-0.550
-0.550
-0.550
-0.550
-0.560
-0.580
-0.580
-0.600
-0.620
-0.630
-0.630
-0.650
-0.660
-0.660
-0.670
-0.680
-0.670
-0.680
-0.680
-0.700
-0.700
-0.700
-0.700
-0.680
-0.680
-0.670
-0.670
-0.650
-0.650
-0.630
-0.620
-0.610
-0.610
-0.580
-0.580
-0.570
-0.570
-0.570
-0.580
-0.580
-0.580
-0.600
-0.610
-0.620
-0.620
-0.620
-0.620
-0.630
-0.620
-0.610
-0.600
-0.600
-0.580
-0.580
-0.570
-0.550
-0.520
-0.480
-0.480
-0.480
-0.480
-0.470
-0.470
-0.460
-0.440
-0.430
-0.420
-0.390
-0.380
-0.370
-0.360
-0.340
-0.330
-0.330
-0.340
-0.340
-0.330
-0.320
-0.320
-0.310
-0.310
-0.310
-0.290
-0.290
-0.290
-0.280
-0.280
-0.270
-0.260
-0.240
-0.230
-0.230
-0.220
-0.220
-0.220
-0.200
-0.190
-0.200
-0.190
-0.190
-0.190
-0.200
-0.200
-0.200
-0.200
-0.200
-0.200
-0.220
-0.200
-0.200
-0.200
-0.200
-0.190
-0.180
-0.190
-0.180
-0.170
-0.150
-0.130
-0.080
-0.040
0.000
0.040
0.080
0.140
0.220
0.310
0.420
0.520
0.620
0.690
0.770
0.820
0.860
0.880
0.880
0.900
0.910
0.900
0.880
0.900
0.910
0.910
0.910
0.900
0.880
0.880
0.870
0.860
0.860
0.860
0.840
0.830
0.830
0.830
0.830
0.840
0.860
0.860
0.870
0.870
0.860
0.860
0.840
0.830
0.820
0.790
0.780
0.780
0.760
0.730
0.720
0.690
0.690
0.680
0.690
0.690
0.690
0.720
0.720
0.720
0.720
0.720
0.720
0.680
0.670
0.640
0.580
0.550
0.540
0.510
0.500
0.510
0.510
0.520
0.520
0.520
0.520
0.520
0.510
0.510
0.500
0.460
0.450
0.440
0.460
0.460
0.460
0.440
0.410
0.400
0.360
0.350
0.330
0.320
0.290
0.260
0.250
0.220
0.210
0.180
0.130
0.100
0.080
0.040
0.000
-0.060
-0.110
-0.170
-0.220
-0.280
-0.320
-0.370
-0.390
-0.420
-0.430
-0.440
-0.450
-0.450
-0.430
-0.430
-0.420
-0.430
-0.430
-0.430
-0.430
-0.440
-0.440
-0.440
-0.470
-0.480
-0.490
-0.510
-0.520
-0.520
-0.520
-0.530
-0.530
-0.520
-0.510
-0.510
-0.510
-0.490
-0.510
-0.520
-0.530
-0.550
-0.530
-0.550
-0.530
-0.530
-0.530
-0.550
-0.560
-0.560
-0.570
-0.570
-0.570
-0.570
-0.570
-0.560
-0.550
-0.550
-0.530
-0.520
-0.510
-0.490
-0.470
-0.460
-0.460
-0.460
-0.460
-0.460
-0.470
-0.480
-0.480
-0.490
-0.490
-0.510
-0.510
-0.490
-0.490
-0.480
-0.470
-0.460
-0.460
-0.440
-0.440
-0.430
-0.420
-0.410
-0.390
-0.410
-0.420
-0.440
-0.440
-0.460
-0.440
-0.440
-0.420
-0.410
-0.410
-0.380
-0.370
-0.370
-0.360
-0.360
-0.340
-0.360
-0.340
-0.330
-0.330
-0.320
-0.320
-0.320
-0.330
-0.330
-0.330
-0.320
-0.320
-0.310
-0.290
-0.290
-0.270
-0.260
-0.260
-0.240
-0.230
-0.230
-0.220
-0.190
-0.190
-0.170
-0.170
-0.150
-0.150
-0.150
-0.150
-0.140
-0.140
-0.130
-0.110
-0.090
-0.060
-0.030
0.030
0.100
0.190
0.280
0.370
0.470
0.550
0.650
0.760
0.830
0.870
0.900
0.900
0.900
0.880
0.880
0.880
0.880
0.880
0.910
0.960
0.980
1.000
1.010
1.010
1.000
0.970
0.960
0.930
0.930
0.910
0.900
0.880
0.870
0.840
0.830
0.820
0.790
0.780
0.780
0.780
0.770
0.770
0.740
0.740
0.720
0.720
0.690
0.680
0.680
0.690
0.680
0.680
0.670
0.650
0.640
0.640
0.640
0.640
0.640
0.630
0.630
0.640
0.640
0.630
0.630
0.620
0.620
0.620
0.620
0.620
0.630
0.630
0.600
0.580
0.550
0.510
0.460
0.440
0.420
0.420
0.420
0.440
0.450
0.450
0.450
0.440
0.410
0.370
0.330
0.290
0.250
0.210
0.180
0.140
0.130
0.120
0.080
0.030
-0.030
-0.060
-0.110
-0.150
-0.170
-0.190
-0.240
-0.250
-0.270
-0.280
-0.280
-0.290
-0.290
-0.300
-0.320
-0.350
-0.380
-0.410
-0.440
-0.470
-0.490
-0.520
-0.550
-0.560
-0.570
-0.580
-0.580
-0.580
-0.570
-0.570
-0.560
-0.560
-0.560
-0.550
-0.550
-0.530
-0.510
-0.490
-0.480
-0.490
-0.490
-0.520
-0.520
-0.520
-0.520
-0.520
-0.520
-0.520
-0.520
-0.520
-0.520
-0.520
-0.530
-0.530
-0.550
-0.550
-0.550
-0.550
-0.550
-0.550
-0.530
-0.530
-0.530
-0.520
-0.510
-0.510
-0.490
-0.480
-0.490
-0.480
-0.480
-0.480
-0.480
-0.480
-0.480
-0.490
-0.510
-0.480
-0.490
-0.490
-0.510
-0.510
-0.520
-0.530
-0.530
-0.530
-0.530
-0.520
-0.520
-0.520
-0.510
-0.490
-0.490
-0.480
-0.470
-0.460
-0.440
-0.440
-0.420
-0.390
-0.370
-0.360
-0.360
-0.370
-0.370
-0.380
-0.390
-0.410
-0.410
-0.410
-0.410
-0.410
-0.380
-0.380
-0.370
-0.360
-0.340
-0.330
-0.330
-0.320
-0.330
-0.320
-0.310
-0.310
-0.310
-0.320
-0.320
-0.320
-0.320
-0.320
-0.320
-0.310
-0.290
-0.290
-0.280
-0.280
-0.270
-0.260
-0.230
-0.190
-0.150
-0.110
-0.050
0.030
0.120
0.220
0.330
0.440
0.510
0.570
0.630
0.670
0.680
0.720
0.720
0.730
0.730
0.740
0.740
0.740
0.760
0.760
0.760
0.760
0.780
0.780
0.780
0.760
0.730
0.690
0.670
0.640
0.630
0.630
0.630
0.630
0.630
0.640
0.640
0.640
0.640
0.630
0.630
0.620
0.600
0.600
0.620
0.620
0.620
0.580
0.580
0.570
0.550
0.540
0.540
0.520
0.520
0.520
0.520
0.510
0.510
0.500
0.470
0.500
0.500
0.520
0.550
0.550
0.570
0.550
0.540
0.520
0.500
0.470
0.460
0.450
0.450
0.440
0.440
0.440
0.440
0.440
0.450
0.440
0.420
0.420
0.410
0.410
0.410
0.400
0.360
0.310
0.260
0.230
0.220
0.210
0.190
0.190
0.190
0.190
0.180
0.170
0.130
0.100
0.090
0.080
0.080
0.050
0.040
0.000
0.000
0.000
0.000
-0.040
-0.080
-0.130
-0.150
-0.190
-0.240
-0.280
-0.320
-0.350
-0.390
-0.430
-0.450
-0.480
-0.500
-0.510
-0.520
-0.520
-0.520
-0.520
-0.520
-0.530
-0.550
-0.560
-0.570
-0.570
-0.580
-0.580
-0.580
-0.580
-0.600
-0.600
-0.580
-0.580
-0.570
-0.570
-0.560
-0.550
-0.530
-0.520
-0.510
-0.510
-0.510
-0.520
-0.530
-0.550
-0.550
-0.550
-0.550
-0.550
-0.550
-0.530
-0.530
-0.530
-0.530
-0.520
-0.520
-0.510
-0.520
-0.520
-0.520
-0.520
-0.520
-0.510
-0.510
-0.510
-0.520
-0.520
-0.530
-0.530
-0.530
-0.530
-0.520
-0.520
-0.520
-0.520
-0.510
-0.490
-0.480
-0.460
-0.440
-0.430
-0.410
-0.390
-0.390
-0.380
-0.380
-0.390
-0.390
-0.380
-0.380
-0.380
-0.370
-0.370
-0.370
-0.360
-0.340
-0.330
-0.320
-0.320
-0.310
-0.290
-0.290
-0.260
-0.240
-0.240
-0.260
-0.270
-0.280
-0.280
-0.280
-0.280
-0.280
-0.270
-0.260
-0.240
-0.230
-0.220
-0.200
-0.190
-0.190
-0.190
-0.190
-0.190
-0.190
-0.190
-0.180
-0.190
-0.190
-0.200
-0.220
-0.230
-0.240
-0.240
-0.260
-0.260
-0.260
-0.240
-0.240
-0.220
-0.200
-0.180
-0.150
-0.100
0.000
0.100
0.250
0.370
0.510
0.600
0.680
0.760
0.790
0.830
0.860
0.870
0.880
0.900
0.900
0.910
0.930
0.930
0.930
0.950
0.960
0.970
0.970
1.000
1.010
1.010
1.000
0.970
0.950
0.900
0.870
0.860
0.820
0.790
0.790
0.780
0.780
0.790
0.790
0.790
0.790
0.780
0.760
0.730
0.690
0.680
0.680
0.670
0.650
0.650
0.650
0.640
0.640
0.640
0.630
0.630
0.630
0.630
0.630
0.640
0.650
0.680
0.690
0.690
0.690
0.690
0.680
0.680
0.690
0.720
0.730
0.730
0.740
0.770
0.770
0.770
0.780
0.780
0.830
0.870
0.910
0.970
1.000
1.010
1.010
1.050
1.060
1.090
1.100
1.110
1.140
1.140
1.160
1.190
1.230
1.250
1.280
1.290
1.280
1.280
1.250
1.240
1.210
1.210
1.170
1.140
1.130
1.090
1.050
1.000
0.960
0.910
0.870
0.830
0.770
0.720
0.650
0.630
0.580
0.550
0.540
0.510
0.460
0.440
0.410
0.370
0.330
0.310
0.280
0.250
0.210
0.140
0.100
0.080
0.030
-0.050
-0.140
-0.240
-0.340
-0.420
-0.470
-0.520
-0.560
-0.590
-0.610
-0.600
-0.600
-0.580
-0.580
-0.570
-0.560
-0.550
-0.530
-0.530
-0.550
-0.550
-0.570
-0.580
-0.600
-0.630
-0.660
-0.670
-0.660
-0.630
-0.600
-0.550
-0.520
-0.520
-0.530
-0.560
-0.580
-0.600
-0.600
-0.600
-0.570
-0.560
-0.560
-0.550
-0.560
-0.560
-0.570
-0.580
-0.600
-0.580
-0.570
-0.560
-0.550
-0.550
-0.530
-0.530
-0.530
-0.530
-0.550
-0.560
-0.560
-0.550
-0.550
-0.530
-0.530
-0.550
-0.550
-0.560
-0.570
-0.580
-0.580
-0.600
-0.610
-0.610
-0.610
-0.610
-0.600
-0.580
-0.570
-0.570
-0.560
-0.560
-0.560
-0.560
-0.550
-0.560
-0.580
-0.610
-0.630
-0.650
-0.660
-0.660
-0.660
-0.670
-0.660
-0.660
-0.660
-0.650
-0.660
-0.660
-0.660
-0.660
-0.660
-0.660
-0.650
-0.650
-0.650
-0.650
-0.650
-0.630
-0.620
-0.610
-0.600
-0.600
-0.580
-0.580
-0.580
-0.580
-0.570
-0.570
-0.570
-0.560
-0.550
-0.550
-0.550
-0.530
-0.550
-0.530
-0.530
-0.550
-0.530
-0.520
-0.530
-0.520
-0.530
-0.530
-0.530
-0.530
-0.530
-0.520
-0.520
-0.510
-0.510
-0.490
-0.490
-0.460
-0.440
-0.440
-0.440
-0.430
-0.430
-0.420
-0.410
-0.380
-0.380
-0.380
-0.380
-0.390
-0.410
-0.410
-0.410
-0.390
-0.390
-0.380
-0.370
-0.370
-0.360
-0.360
-0.360
-0.340
-0.340
-0.340
-0.340
-0.330
-0.320
-0.310
-0.310
-0.310
-0.290
-0.290
-0.310
-0.290
-0.290
-0.310
-0.290
-0.290
-0.280
-0.280
-0.270
-0.270
-0.270
-0.270
-0.260
-0.260
-0.240
-0.240
-0.230
-0.220
-0.230
-0.220
-0.230
-0.230
-0.240
-0.240
-0.240
-0.240
-0.230
-0.230
-0.200
-0.190
-0.170
-0.150
-0.110
-0.090
-0.040
0.000
0.050
0.130
0.230
0.330
0.440
0.540
0.620
0.690
0.780
0.860
0.900
0.930
0.960
0.960
0.950
0.960
0.930
0.910
0.900
0.870
0.840
0.860
0.840
0.840
0.840
0.830
0.830
0.820
0.780
0.770
0.760
0.760
0.740
0.730
0.720
0.690
0.690
0.690
0.690
0.690
0.680
0.680
0.680
0.680
0.670
0.670
0.670
0.650
0.650
0.650
0.650
0.640
0.640
0.630
0.630
0.630
0.600
0.600
0.580
0.570
0.580
0.580
0.600
0.620
0.630
0.630
0.640
0.630
0.630
0.630
0.620
0.580
0.550
0.520
0.510
0.500
0.460
0.450
0.440
0.420
0.420
0.410
0.410
0.370
0.350
0.320
0.310
0.290
0.280
0.260
0.230
0.230
0.220
0.210
0.180
0.140
0.130
0.100
0.080
0.080
0.050
0.030
0.000
0.000
0.000
-0.040
-0.050
-0.090
-0.110
-0.140
-0.170
-0.200
-0.250
-0.290
-0.330
-0.370
-0.400
-0.420
-0.430
-0.430
-0.430
-0.420
-0.420
-0.420
-0.420
-0.430
-0.430
-0.430
-0.420
-0.420
-0.410
-0.410
-0.390
-0.380
-0.380
-0.390
-0.420
-0.440
-0.460
-0.470
-0.480
-0.510
-0.510
-0.520
-0.520
-0.490
-0.480
-0.480
-0.480
-0.470
-0.480
-0.490
-0.510
-0.520
-0.530
-0.530
-0.530
-0.530
-0.520
-0.520
-0.520
-0.520
-0.510
-0.490
-0.490
-0.490
-0.480
-0.480
-0.480
-0.480
-0.480
-0.480
-0.490
-0.490
-0.480
-0.480
-0.480
-0.490
-0.490
-0.490
-0.520
-0.520
-0.530
-0.530
-0.550
-0.550
-0.530
-0.530
-0.520
-0.510
-0.510
-0.480
-0.470
-0.460
-0.440
-0.430
-0.410
-0.390
-0.370
-0.360
-0.370
-0.380
-0.390
-0.410
-0.420
-0.410
-0.410
-0.390
-0.380
-0.370
-0.340
-0.340
-0.320
-0.320
-0.320
-0.310
-0.320
-0.320
-0.320
-0.310
-0.310
-0.290
-0.290
-0.290
-0.290
-0.290
-0.280
-0.280
-0.280
-0.280
-0.270
-0.260
-0.260
-0.240
-0.240
-0.230
-0.230
-0.230
-0.230
-0.220
-0.200
-0.200
-0.200
-0.190
-0.170
-0.150
-0.130
-0.050
0.040
0.180
0.320
0.460
0.570
0.670
0.770
0.840
0.900
0.950
0.980
1.050
1.060
1.060
1.070
1.050
1.020
0.980
0.930
0.870
0.830
0.780
0.760
0.720
0.720
0.690
0.690
0.720
0.690
0.680
0.680
0.650
0.650
0.640
0.620
0.620
0.620
0.620
0.620
0.600
0.600
0.580
0.580
0.570
0.570
0.580
0.580
0.580
0.570
0.550
0.550
0.540
0.540
0.520
0.510
0.510
0.510
0.520
0.510
0.500
0.470
0.460
0.460
0.450
0.440
0.420
0.410
0.410
0.410
0.410
0.410
0.420
0.440
0.440
0.440
0.450
0.440
0.450
0.450
0.450
0.440
0.420
0.400
0.370
0.360
0.360
0.360
0.360
0.350
0.320
0.320
0.310
0.290
0.280
0.280
0.260
0.250
0.220
0.190
0.170