-0.560
-0.560
-0.540
-0.530
-0.520
-0.510
-0.510
-0.490
-0.490
-0.470
-0.470
-0.460
-0.440
-0.440
-0.440
-0.430
-0.430
-0.420
-0.410
-0.410
-0.380
-0.360
-0.330
-0.310
-0.280
-0.270
-0.240
-0.230
-0.180
-0.150
-0.100
-0.060
-0.050
-0.050
-0.050
-0.060
-0.050
-0.050
-0.050
-0.050
-0.040
-0.030
-0.030
-0.040
-0.040
-0.050
-0.050
-0.060
-0.060
-0.060
-0.040
-0.030
0.000
0.040
0.080
0.120
0.140
0.180
0.220
0.260
0.300
0.360
0.380
0.420
0.460
0.480
0.530
0.560
0.600
0.650
0.670
0.710
0.750
0.770
0.800
0.850
0.890
0.910
0.940
0.990
1.010
1.040
1.060
1.090
1.090
1.100
1.100
1.100
1.110
1.110
1.140
1.140
1.170
1.200
1.180
1.210
1.230
1.250
1.290
1.330
1.340
1.340
1.330
1.300
1.290
1.290
1.280
1.270
1.250
1.240
1.240
1.230
1.200
1.180
1.170
1.170
1.150
1.140
1.140
1.150
1.170
1.180
1.200
1.210
1.210
1.200
1.180
1.170
1.140
1.130
1.110
1.100
1.100
1.090
1.050
1.040
1.040
1.040
1.040
1.050
1.090
1.100
1.090
1.100
1.100
1.110
1.110
1.090
1.090
1.050
1.010
0.970
0.930
0.890
0.850
0.790
0.720
0.690
0.630
0.570
0.540
0.480
0.430
0.370
0.340
0.320
0.290
0.270
0.270
0.270
0.260
0.260
0.270
0.300
0.320
0.330
0.360
0.360
0.340
0.320
0.290
0.230
0.170
0.090
0.000
-0.090
-0.180
-0.260
-0.330
-0.390
-0.450
-0.520
-0.570
-0.630
-0.690
-0.750
-0.830
-0.910
-1.010
-1.110
-1.190
-1.270
-1.350
-1.420
-1.480
-1.560
-1.570
-1.610
-1.610
-1.620
-1.630
-1.630
-1.660
-1.670
-1.660
-1.680
-1.680
-1.680
-1.660
-1.670
-1.690
-1.680
-1.670
-1.640
-1.640
-1.610
-1.610
-1.580
-1.570
-1.530
-1.500
-1.500
-1.470
-1.430
-1.380
-1.330
-1.280
-1.230
-1.190
-1.170
-1.150
-1.120
-1.090
-1.070
-1.050
-1.020
-1.000
-0.970
-0.940
-0.910
-0.880
-0.870
-0.860
-0.850
-0.830
-0.820
-0.810
-0.780
-0.760
-0.750
-0.720
-0.710
-0.680
-0.680
-0.680
-0.670
-0.660
-0.650
-0.620
-0.610
-0.590
-0.580
-0.570
-0.540
-0.530
-0.520
-0.510
-0.490
-0.480
-0.460
-0.440
-0.430
-0.410
-0.390
-0.370
-0.370
-0.340
-0.330
-0.320
-0.310
-0.290
-0.290
-0.290
-0.280
-0.280
-0.270
-0.250
-0.240
-0.230
-0.230
-0.230
-0.200
-0.180
-0.140
-0.090
-0.050
-0.030
-0.030
-0.040
-0.060
-0.080
-0.080
-0.060
-0.060
-0.050
-0.050
-0.040
-0.030
-0.030
0.000
0.000
0.000
0.000
0.040
0.070
0.100
0.140
0.200
0.230
0.270
0.300
0.330
0.340
0.360
0.380
0.400
0.420
0.440
0.480
0.530
0.560
0.620
0.660
0.700
0.760
0.800
0.850
0.890
0.940
0.970
1.010
1.040
1.090
1.110
1.140
1.150
1.180
1.200
1.200
1.210
1.210
1.230
1.230
1.240
1.270
1.290
1.300
1.340
1.340
1.370
1.380
1.400
1.440
1.470
1.470
1.470
1.440
1.430
1.390
1.390
1.380
1.380
1.370
1.350
1.350
1.350
1.350
1.340
1.330
1.330
1.340
1.340
1.340
1.350
1.380
1.390
1.400
1.400
1.390
1.370
1.350
1.340
1.340
1.340
1.350
1.350
1.350
1.350
1.330
1.290
1.240
1.210
1.150
1.110
1.040
1.000
0.940
0.910
0.860
0.790
0.720
0.660
0.590
0.520
0.440
0.360
0.300
0.230
0.190
0.140
0.120
0.090
0.070
0.030
0.000
-0.040
-0.100
-0.150
-0.190
-0.230
-0.260
-0.290
-0.330
-0.350
-0.390
-0.430
-0.470
-0.500
-0.540
-0.540
-0.570
-0.610
-0.670
-0.720
-0.800
-0.870
-0.960
-1.070
-1.170
-1.250
-1.340
-1.420
-1.480
-1.500
-1.520
-1.530
-1.560
-1.570
-1.590
-1.580
-1.610
-1.590
-1.620
-1.640
-1.640
-1.670
-1.680
-1.670
-1.670
-1.660
-1.640
-1.630
-1.590
-1.570
-1.540
-1.520
-1.470
-1.430
-1.420
-1.350
-1.340
-1.290
-1.250
-1.230
-1.200
-1.180
-1.160
-1.120
-1.100
-1.070
-1.050
-1.010
-0.990
-0.990
-0.950
-0.920
-0.900
-0.870
-0.830
-0.780
-0.730
-0.700
-0.660
-0.660
-0.660
-0.660
-0.670
-0.680
-0.680
-0.680
-0.680
-0.700
-0.680
-0.670
-0.660
-0.660
-0.630
-0.620
-0.590
-0.580
-0.570
-0.560
-0.540
-0.520
-0.510
-0.510
-0.530
-0.530
-0.540
-0.560
-0.560
-0.560
-0.540
-0.530
-0.510
-0.480
-0.470
-0.460
-0.440
-0.430
-0.420
-0.410
-0.380
-0.380
-0.370
-0.370
-0.360
-0.360
-0.340
-0.340
-0.340
-0.330
-0.320
-0.320
-0.320
-0.320
-0.310
-0.290
-0.280
-0.270
-0.250
-0.240
-0.230
-0.220
-0.190
-0.150
-0.140
-0.110
-0.090
-0.060
-0.040
-0.030
-0.030
-0.030
0.000
0.000
0.040
0.070
0.090
0.120
0.130
0.170
0.170
0.170
0.140
0.140
0.120
0.100
0.090
0.090
0.090
0.080
0.080
0.070
0.050
0.040
0.030
0.040
0.050
0.080
0.100
0.140
0.190
0.230
0.270
0.320
0.360
0.400
0.440
0.500
0.540
0.590
0.660
0.720
0.800
0.860
0.930
0.990
1.040
1.100
1.140
1.180
1.210
1.240
1.270
1.280
1.330
1.350
1.370
1.380
1.400
1.430
1.430
1.440
1.440
1.480
1.480
1.490
1.480
1.470
1.450
1.430
1.400
1.400
1.400
1.400
1.390
1.390
1.380
1.350
1.340
1.340
1.330
1.280
1.270
1.250
1.250
1.250
1.250
1.270
1.250
1.250
1.240
1.230
1.210
1.180
1.180
1.180
1.170
1.180
1.180
1.170
1.150
1.140
1.130
1.110
1.110
1.100
1.100
1.110
1.110
1.110
1.110
1.130
1.140
1.150
1.150
1.140
1.130
1.100
1.060
1.040
1.000
0.950
0.930
0.900
0.870
0.850
0.810
0.790
0.720
0.700
0.690
0.660
0.650
0.630
0.630
0.630
0.600
0.590
0.570
0.570
0.560
0.550
0.540
0.530
0.500
0.460
0.430
0.400
0.370
0.340
0.320
0.270
0.240
0.230
0.230
0.240
0.230
0.220
0.190
0.140
0.100
0.050
0.030
0.000
0.000
-0.040
-0.060
-0.090
-0.130
-0.150
-0.190
-0.200
-0.230
-0.250
-0.260
-0.280
-0.300
-0.330
-0.350
-0.380
-0.390
-0.400
-0.420
-0.460
-0.490
-0.530
-0.590
-0.660
-0.710
-0.770
-0.820
-0.870
-0.910
-0.950
-0.990
-1.040
-1.090
-1.150
-1.170
-1.200
-1.210
-1.240
-1.250
-1.250
-1.270
-1.300
-1.300
-1.330
-1.370
-1.370
-1.380
-1.420
-1.400
-1.420
-1.420
-1.420
-1.420
-1.430
-1.430
-1.430
-1.450
-1.440
-1.470
-1.450
-1.420
-1.420
-1.400
-1.370
-1.370
-1.340
-1.320
-1.290
-1.280
-1.250
-1.230
-1.190
-1.170
-1.150
-1.120
-1.100
-1.090
-1.060
-1.040
-1.000
-0.970
-0.950
-0.920
-0.910
-0.880
-0.860
-0.850
-0.820
-0.800
-0.780
-0.760
-0.750
-0.730
-0.710
-0.700
-0.680
-0.630
-0.610
-0.580
-0.570
-0.540
-0.530
-0.520
-0.480
-0.440
-0.390
-0.360
-0.330
-0.320
-0.330
-0.330
-0.340
-0.340
-0.330
-0.320
-0.310
-0.290
-0.280
-0.270
-0.270
-0.250
-0.250
-0.250
-0.240
-0.240
-0.230
-0.220
-0.200
-0.180
-0.170
-0.150
-0.150
-0.150
-0.150
-0.150
-0.150
-0.150
-0.150
-0.150
-0.140
-0.130
-0.110
-0.090
-0.080
-0.060
-0.040
-0.030
0.000
0.000
0.000
0.000
0.030
0.030
0.040
0.050
0.050
0.080
0.090
0.130
0.180
0.230
0.290
0.340
0.420
0.470
0.530
0.600
0.670
0.750
0.810
0.900
0.990
1.060
1.140
1.200
1.230
1.250
1.270
1.270
1.280
1.300
1.330
1.340
1.350
1.370
1.370
1.390
1.390
1.390
1.390
1.380
1.380
1.370
1.370
1.370
1.370
1.370
1.370
1.370
1.350
1.340
1.300
1.290
1.280
1.270
1.270
1.250
1.270
1.270
1.280
1.280
1.280
1.280
1.280
1.280
1.280
1.270
1.270
1.280
1.270
1.250
1.240
1.230
1.210
1.200
1.170
1.150
1.130
1.100
1.090
1.060
1.050
1.050
1.050
1.040
1.030
1.000
0.950
0.910
0.890
0.850
0.810
0.790
0.750
0.700
0.660
0.630
0.620
0.600
0.600
0.590
0.590
0.570
0.570
0.550
0.540
0.520
0.480
0.460
0.400
0.360
0.320
0.270
0.240
0.200
0.140
0.090
0.030
-0.040
-0.090
-0.130
-0.150
-0.190
-0.220
-0.260
-0.290
-0.330
-0.370
-0.400
-0.440
-0.480
-0.530
-0.570
-0.630
-0.710
-0.780
-0.860
-0.940
-1.040
-1.110
-1.180
-1.250
-1.320
-1.390
-1.450
-1.500
-1.570
-1.620
-1.660
-1.680
-1.730
-1.740
-1.770
-1.810
-1.820
-1.830
-1.830
-1.830
-1.810
-1.790
-1.760
-1.740
-1.690
-1.630
-1.620
-1.570
-1.530
-1.500
-1.450
-1.430
-1.380
-1.340
-1.320
-1.280
-1.240
-1.200
-1.180
-1.170
-1.140
-1.140
-1.120
-1.090
-1.060
-1.050
-1.020
-1.000
-0.990
-0.950
-0.920
-0.900
-0.880
-0.860
-0.830
-0.810
-0.780
-0.750
-0.750
-0.710
-0.700
-0.680
-0.660
-0.650
-0.630
-0.620
-0.590
-0.580
-0.570
-0.560
-0.530
-0.520
-0.520
-0.520
-0.510
-0.490
-0.490
-0.490
-0.480
-0.470
-0.440
-0.430
-0.420
-0.410
-0.410
-0.390
-0.380
-0.340
-0.310
-0.270
-0.240
-0.230
-0.240
-0.250
-0.270
-0.280
-0.280
-0.270
-0.270
-0.250
-0.250
-0.240
-0.230
-0.230
-0.230
-0.240
-0.240
-0.240
-0.240
-0.230
-0.220
-0.220
-0.200
-0.190
-0.180
-0.180
-0.180
-0.170
-0.150
-0.150
-0.150
-0.140
-0.130
-0.110
-0.090
-0.080
-0.060
-0.040
0.000
0.000
0.000
0.000
0.030
0.040
0.040
0.050
0.070
0.070
0.080
0.080
0.080
0.080
0.080
0.080
0.070
0.070
0.070
0.070
0.070
0.080
0.070
0.070
0.050
0.050
0.070
0.100
0.140
0.190
0.190
0.190
0.170
0.120
0.090
0.080
0.070
0.050
0.050
0.040
0.040
0.040
0.030
0.000
0.000
-0.030
-0.050
-0.060
-0.050
-0.050
-0.030
0.000
0.000
0.030
0.000
0.000
0.000
0.000
0.030
0.040
0.080
0.120
0.180
0.220
0.260
0.330
0.380
0.440
0.500
0.550
0.620
0.690
0.760
0.830
0.890
0.940
1.000
1.030
1.090
1.130
1.140
1.170
1.170
1.200
1.210
1.240
1.250
1.270
1.280
1.290
1.340
1.350
1.350
1.350
1.350
1.380
1.390
1.390
1.380
1.370
1.340
1.330
1.290
1.290
1.290
1.280
1.290
1.290
1.280
1.290
1.280
1.270
1.250
1.230
1.210
1.200
1.180
1.180
1.170
1.170
1.170
1.150
1.140
1.110
1.090
1.060
1.060
1.050
1.060
1.090
1.060
1.090
1.060
1.050
1.050
1.040
1.040
1.030
1.030
1.030
1.030
1.040
1.030
1.010
0.990
0.970
0.930
0.900
0.860
0.800
0.760
0.720
0.710
0.700
0.690
0.690
0.700
0.700
0.700
0.690
0.670
0.630
0.600
0.590
0.550
0.530
0.480
0.440
0.400
0.340
0.330
0.300
0.290
0.240
0.220
0.190
0.140
0.120
0.090
0.080
0.050
0.040
0.000
-0.030
-0.050
-0.080
-0.100
-0.110
-0.140
-0.150
-0.180
-0.220
-0.260
-0.290
-0.330
-0.350
-0.380
-0.420
-0.450
-0.490
-0.540
-0.590
-0.650
-0.700
-0.750
-0.780
-0.830
-0.870
-0.920
-0.970
-1.010
-1.060
-1.110
-1.170
-1.210
-1.270
-1.300
-1.350
-1.390
-1.400
-1.430
-1.450
-1.450
-1.470
-1.480
-1.480
-1.500
-1.500
-1.490
-1.500
-1.480
-1.480
-1.450
-1.420
-1.390
-1.380
-1.370
-1.340
-1.340
-1.340
-1.330
-1.290
-1.270
-1.240
-1.210
-1.200
-1.190
-1.150
-1.120
-1.110
-1.100
-1.070
-1.070
-1.040
-1.000
-1.000
-0.950
-0.940
-0.910
-0.900
-0.870
-0.860
-0.830
-0.820
-0.800
-0.770
-0.770
-0.730
-0.720
-0.710
-0.670
-0.660
-0.650
-0.620
-0.610
-0.580
-0.560
-0.560
-0.530
-0.520
-0.510
-0.510
-0.480
-0.470
-0.460
-0.460
-0.440
-0.430
-0.420
-0.410
-0.390
-0.370
-0.340
-0.320
-0.310
-0.290
-0.280
-0.270
-0.230
-0.190
-0.150
-0.110
-0.090
-0.090
-0.100
-0.110
-0.140
-0.140
-0.140
-0.140
-0.140
-0.140
-0.140
-0.140
-0.140
-0.130
-0.140
-0.140
-0.140
-0.140
-0.140
-0.110
-0.100
-0.090
-0.090
-0.080
-0.080
-0.090
-0.100
-0.100
-0.100
-0.100
-0.090
-0.080
-0.080
-0.050
-0.050
-0.040
-0.030
-0.030
-0.030
-0.030
-0.030
-0.030
-0.030
0.000
-0.030
0.000
0.000
0.000
0.000
0.000
0.000
0.000
0.000
0.000
-0.030
0.000
0.000
0.000
0.030
0.030
0.040
0.030
0.030
0.050
0.090
0.140
0.200
0.230
0.260
0.270
0.300
0.340
0.380
0.430
0.470
0.530
0.570
0.650
0.700
0.790
0.860
0.910
0.950
0.990
1.010
1.050
1.110
1.150
1.200
1.230
1.250
1.270
1.270
1.280
1.270
1.270
1.280
1.290
1.300
1.300
1.330
1.340
1.340
1.350
1.350
1.350
1.340
1.340
1.340
1.350
1.340
1.340
1.340
1.340
1.330
1.300
1.300
1.300
1.290
1.270
1.270
1.250
1.250
1.250
1.270
1.270
1.280
1.280
1.280
1.250
1.230
1.200
1.200
1.180
1.180
1.170
1.140
1.130
1.110
1.110
1.100
1.110
1.110
1.110
1.100
1.090
1.060
1.040
1.030
1.010
0.990
0.950
0.940
0.930
0.910
0.910
0.900
0.890
0.890
0.870
0.860
0.850
0.830
0.810
0.800
0.800
0.800
0.800
0.800
0.800
0.810
0.800
0.790
0.770
0.760
0.750
0.710
0.690
0.630
0.570
0.540
0.480
0.420
0.360
0.270
0.200
0.120
0.040
-0.030
-0.100
-0.150
-0.220
-0.290
-0.350
-0.420
-0.520
-0.620
-0.720
-0.820
-0.870
-0.920
-0.970
-1.020
-1.060
-1.110
-1.170
-1.190
-1.210
-1.270
-1.270
-1.320
-1.350
-1.390
-1.420
-1.440
-1.470
-1.490
-1.520
-1.540
-1.570
-1.570
-1.590
-1.610
-1.580
-1.590
-1.620
-1.620
-1.580
-1.560
-1.540
-1.520
-1.490
-1.470
-1.400
-1.380
-1.350
-1.320
-1.300
-1.270
-1.270
-1.250
-1.240
-1.210
-1.210
-1.200
-1.190
-1.190
-1.180
-1.170
-1.160
-1.140
-1.140
-1.110
-1.090
-1.090
-1.070
-1.050
-1.050
-1.010
-0.990
-0.960
-0.950
-0.900
-0.880
-0.860
-0.850
-0.820
-0.810
-0.760
-0.710
-0.670
-0.620
-0.590
-0.570
-0.540
-0.530
-0.520
-0.490
-0.480
-0.460
-0.430
-0.420
-0.410
-0.410
-0.390
-0.390
-0.390
-0.390
-0.390
-0.390
-0.380
-0.370
-0.360
-0.340
-0.330
-0.320
-0.320
-0.320
-0.310
-0.290
-0.280
-0.270
-0.270
-0.250
-0.230
-0.200
-0.190
-0.180
-0.170
-0.150
-0.140
-0.130
-0.110
-0.100
-0.090
-0.090
-0.080
-0.080
-0.080
-0.060
-0.060
-0.060
-0.060
-0.060
-0.060
-0.060
-0.060
-0.050
-0.040
-0.040
-0.030
-0.030
-0.030
-0.040
0.000
0.000
0.070
0.100
0.130
0.140
0.130
0.120
0.120
0.140
0.200
0.290
0.370
0.460
0.530
0.570
0.620
0.670
0.710
0.760
0.800
0.830
0.870
0.890
0.910
0.950
0.990
1.000
1.030
1.040
1.050
1.060
1.100
1.100
1.100
1.110
1.110
1.140
1.150
1.150
1.170
1.170
1.180
1.170
1.170
1.180
1.180
1.170
1.150
1.170
1.150
1.140
1.140
1.110
1.100
1.090
1.050
1.050
1.040
1.050
1.050
1.090
1.100
1.110
1.140
1.130
1.110
1.090
1.090
1.090
1.050
1.050
1.040
1.010
0.970
0.940
0.930
0.930
0.930
0.940
0.930
0.940
0.940
0.930
0.930
0.910
0.900
0.890
0.870
0.860
0.860
0.850
0.850
0.830
0.810
0.800
0.790
0.760
0.760
0.760
0.770
0.770
0.790
0.800
0.790
0.770
0.750
0.720
0.700
0.690
0.670
0.660
0.650
0.630
0.620
0.600
0.570
0.570
0.560
0.540
0.520
0.470
0.430
0.380
0.360
0.330
0.300
0.300
0.270
0.260
0.230
0.220
0.190
0.140
0.090
0.040
0.000
-0.060
-0.140
-0.190
-0.260
-0.330
-0.380
-0.430
-0.470
-0.490
-0.530
-0.570
-0.610
-0.670
-0.750
-0.850
-0.920
-1.010
-1.110
-1.200
-1.280
-1.340
-1.400
-1.440
-1.470
-1.500
-1.500
-1.530
-1.560
-1.560
-1.570
-1.580
-1.580
-1.590
-1.610
-1.620
-1.620
-1.640
-1.610
-1.620
-1.610
-1.580
-1.560
-1.530
-1.520
-1.500
-1.450
-1.430
-1.420
-1.370
-1.350
-1.340
-1.320
-1.290
-1.270
-1.250
-1.240
-1.210
-1.190
-1.170
-1.170
-1.140
-1.110
-1.090
-1.090
-1.070
-1.050
-1.040
-0.990
-0.950
-0.910
-0.870
-0.850
-0.850
-0.830
-0.820
-0.820
-0.810
-0.800
-0.800
-0.780
-0.760
-0.760
-0.750
-0.730
-0.730
-0.720
-0.710
-0.710
-0.710
-0.700
-0.680
-0.670
-0.660
-0.650
-0.630
-0.630
-0.630
-0.620
-0.630
-0.620
-0.610
-0.610
-0.590
-0.580
-0.570
-0.560
-0.540
-0.540
-0.530
-0.520
-0.510
-0.510
-0.490
-0.490
-0.490
-0.480
-0.480
-0.470
-0.470
-0.440
-0.440
-0.430
-0.430
-0.420
-0.420
-0.420
-0.390
-0.380
-0.380
-0.370
-0.370
-0.380
-0.360
-0.330
-0.290
-0.230
-0.180
-0.150
-0.130
-0.110
-0.110
-0.110
-0.090
-0.080
-0.060
-0.040
-0.030
0.000
0.000
0.000
0.000
0.000
0.000
0.000
0.000
0.000
0.000
0.030
0.030
0.030
0.040
0.030
0.030
0.030
0.030
0.040
0.050
0.080
0.120
0.170
0.200
0.260
0.320
0.360
0.420
0.470
0.500
0.550
0.620
0.660
0.690
0.720
0.760
0.770
0.810
0.860
0.910
0.970
1.030
1.050
1.090
1.110
1.170
1.210
1.250
1.300
1.370
1.390
1.380
1.400
1.430
1.450
1.480
1.490
1.510
1.480
1.450
1.440
1.430
1.390
1.380
1.370
1.350
1.340
1.330
1.330
1.300
1.290
1.290
1.270
1.250
1.250
1.240
1.240
1.250
1.250
1.270
1.270
1.280
1.280
1.280
1.270
1.270
1.250
1.240
1.230
1.230
1.230
1.210
1.200
1.200
1.180
1.170
1.170
1.170
1.150
1.170
1.170
1.170
1.150
1.140
1.140
1.130
1.100
1.060
1.030
1.000
0.990
0.970
0.940
0.930
0.910
0.910
0.900
0.900
0.890
0.850
0.810
0.790
0.760
0.750
0.710
0.690
0.670
0.660
0.630
0.620
0.600
0.590
0.570
0.570
0.570
0.560
0.540
0.530
0.500
0.470
0.430
0.380
0.340
0.320
0.290
0.260
0.220
0.180
0.120
0.070
0.000
-0.040
-0.090
-0.130
-0.150
-0.180
-0.200
-0.250
-0.280
-0.330
-0.370
-0.420
-0.470
-0.520
-0.540
-0.570
-0.610
-0.630
-0.680
-0.720
-0.770
-0.820
-0.880
-0.950
-1.000
-1.060
-1.120
-1.170
-1.240
-1.270
-1.300
-1.340
-1.340
-1.370
-1.370
-1.370
-1.370
-1.380
-1.350
-1.350
-1.340
-1.340
-1.320
-1.290
-1.300
-1.320
-1.320
-1.300
-1.320
-1.290
-1.270
-1.270
-1.250
-1.230
-1.190
-1.160
-1.120
-1.100
-1.100
-1.090
-1.090
-1.070
-1.050
-1.050
-1.020
-1.000
-0.990
-0.970
-0.950
-0.920
-0.910
-0.900
-0.880
-0.870
-0.860
-0.850
-0.820
-0.800
-0.780
-0.770
-0.760
-0.730
-0.720
-0.720
-0.710
-0.710
-0.680
-0.670
-0.660
-0.660
-0.650
-0.630
-0.620
-0.620
-0.590
-0.590
-0.580
-0.570
-0.560
-0.540
-0.520
-0.510
-0.490
-0.480
-0.480
-0.470
-0.440
-0.420
-0.370
-0.320
-0.290
-0.280
-0.280
-0.280
-0.280
-0.280
-0.280
-0.270
-0.250
-0.240
-0.240
-0.230
-0.230
-0.220
-0.220
-0.220
-0.220
-0.200
-0.200
-0.190
-0.170
-0.150
-0.150
-0.150
-0.150
-0.150
-0.150
-0.150
-0.150
-0.150
-0.150
-0.150
-0.150
-0.140
-0.130
-0.110
-0.110
-0.100
-0.090
-0.090
-0.080
-0.080
-0.080
-0.080
-0.060
-0.060
-0.060
-0.060
-0.050
-0.060
-0.060
-0.060
-0.060
-0.060
-0.060
-0.050
-0.050
-0.040
-0.030
-0.030
-0.030
-0.040
-0.040
-0.030
0.000
0.050
0.090
0.100
0.100
0.090
0.070
0.050
0.040
0.040
0.040
0.030
0.040
0.030
0.040
0.040
0.040
0.040
0.040
0.040
0.050
0.080
0.120
0.180
0.230
0.270
0.320
0.370
0.420
0.460
0.520
0.560
0.630
0.700
0.770
0.850
0.900
0.950
1.010
1.050
1.110
1.140
1.170
1.210
1.240
1.250
1.270
1.300
1.340
1.340
1.350
1.370
1.350
1.350
1.340
1.330
1.300
1.290
1.280
1.270
1.250
1.250
1.250
1.240
1.230
1.230
1.230
1.210
1.230
1.230
1.240
1.240
1.210
1.200
1.180
1.180
1.170
1.150
1.150
1.140
1.130
1.110
1.100
1.060
1.030
1.000
0.990
0.950
0.930
0.930
0.930
0.930
0.930
0.910
0.900
0.890
0.870
0.830
0.800
0.790
0.770
0.770
0.770
0.790
0.790
0.770
0.760
0.750
0.720
0.710
0.700
0.700
0.690
0.670
0.660
0.650
0.650
0.650
0.630
0.620
0.600
0.590
0.570
0.570
0.570
0.570
0.560
0.560
0.550
0.550
0.530
0.480
0.420
0.340
0.270
0.220
0.130
0.080
0.000
-0.060
-0.130
-0.190
-0.250
-0.300
-0.330
-0.370
-0.390
-0.430
-0.470
-0.500
-0.530
-0.540
-0.570
-0.590
-0.620
-0.660
-0.700
-0.730
-0.770
-0.810
-0.850
-0.910
-0.960
-1.010
-1.050
-1.110
-1.140
-1.160
-1.180
-1.190
-1.190
-1.200
-1.210
-1.240
-1.230
-1.230
-1.240
-1.250
-1.270
-1.250
-1.250
-1.240
-1.210
-1.230
-1.210
-1.200
-1.200
-1.190
-1.190
-1.180
-1.150
-1.150
-1.140
-1.110
-1.070
-1.060
-1.040
-1.010
-1.010
-0.990
-0.970
-0.960
-0.920
-0.880
-0.860
-0.810
-0.780
-0.780
-0.770
-0.770
-0.770
-0.770
-0.760
-0.770
-0.760
-0.730
-0.730
-0.720
-0.710
-0.710
-0.700
-0.680
-0.700
-0.680
-0.680
-0.670
-0.660
-0.650
-0.630
-0.620
-0.620
-0.610
-0.610
-0.620
-0.590
-0.590
-0.580
-0.580
-0.580
-0.570
-0.560
-0.540
-0.530
-0.530
-0.520
-0.520
-0.510
-0.510
-0.490
-0.490
-0.480
-0.480
-0.480
-0.480
-0.480
-0.480
-0.470
-0.470
-0.460
-0.460
-0.440
-0.460
-0.440
-0.430
-0.420
-0.390
-0.390
-0.390
-0.390
-0.380
-0.360
-0.320
-0.280
-0.240
-0.230
-0.220
-0.230
-0.240
-0.240
-0.240
-0.240
-0.240
-0.240
-0.230
-0.230
-0.220
-0.200
-0.200
-0.200
-0.200
-0.200
-0.200
-0.190
-0.180
-0.170
-0.150
-0.150
-0.150
-0.150
-0.150
-0.150
-0.150
-0.140
-0.130
-0.110
-0.100
-0.080
-0.050
-0.030
0.000
0.000
0.040
0.050
0.070
0.090
0.100
0.100
0.120
0.120
0.130
0.130
0.140
0.140
0.170
0.170
0.170
0.170
0.180
0.190
0.200
0.230
0.260
0.290
0.320
0.330
0.340
0.330
0.340
0.370
0.420
0.470
0.470
0.480
0.470
0.470
0.480
0.500
0.530
0.550
0.570
0.630
0.670
0.720
0.760
0.800
0.830
0.860
0.870
0.900
0.930
0.940
0.970
0.990
1.000
1.010
1.000
1.010
1.010
1.010
1.010
1.010
1.030
1.030
1.040
1.040
1.050
1.060
1.090
1.100
1.100
1.110
1.110
1.130
1.130
1.130
1.130
1.110
1.100
1.090
1.050
1.030
1.010
0.990
0.970
0.970
0.970
0.970
0.970
0.970
0.990
1.000
1.010
1.010
0.990
0.990
0.970
0.970
0.950
0.950
0.940
0.910
0.890
0.860
0.850
0.850
0.850
0.860
0.870
0.890
0.890
0.900
0.900
0.900
0.900
0.890
0.890
0.870
0.860
0.860
0.870
0.860
0.850
0.830
0.810
0.790
0.760
0.750
0.720
0.750
0.750
0.760
0.760
0.770
0.770
0.770
0.790
0.790
0.790
0.770
0.760
0.750
0.720
0.700
0.690
0.630
0.600
0.570
0.550
0.530
0.500
0.460
0.420
0.380
0.370
0.360
0.340
0.360
0.360
0.360
0.360
0.360
0.330
0.300
0.290
0.260
0.230
0.200
0.170
0.120
0.070
0.030
0.000
-0.060
-0.110
-0.150
-0.180
-0.220
-0.230
-0.250
-0.250
-0.260
-0.280
-0.280
-0.290
-0.300
-0.320
-0.320
-0.320
-0.320
-0.310
-0.310
-0.320
-0.340
-0.360
-0.360
-0.370
-0.380
-0.380
-0.380
-0.380
-0.380
-0.410
-0.430
-0.460
-0.490
-0.540
-0.590
-0.650
-0.700
-0.760
-0.810
-0.860
-0.910
-0.950
-0.990
-1.040
-1.060
-1.100
-1.120
-1.160
-1.160
-1.180
-1.180
-1.190
-1.190
-1.190
-1.180
-1.190
-1.190
-1.230
-1.200
-1.200
-1.180
-1.170
-1.150
-1.140
-1.140
-1.140
-1.120
-1.120
-1.120
-1.110
-1.110
-1.100
-1.110
-1.090
-1.070
-1.060
-1.040
-1.010
-0.990
-0.970
-0.960
-0.940
-0.910
-0.900
-0.860
-0.830
-0.820
-0.820
-0.780
-0.770
-0.760
-0.760
-0.730
-0.730
-0.720
-0.710
-0.680
-0.670
-0.660
-0.650
-0.630
-0.620
-0.620
-0.590
-0.580
-0.560
-0.540
-0.530
-0.520
-0.510
-0.490
-0.490
-0.480
-0.470
-0.470
-0.470
-0.460
-0.460
-0.470
-0.460
-0.460
-0.460
-0.440
-0.440
-0.440
-0.440
-0.430
-0.410
-0.370
-0.340
-0.320
-0.310
-0.320
-0.320
-0.330
-0.340
-0.340
-0.330
-0.330
-0.320
-0.320
-0.320
-0.320
-0.320
-0.320
-0.320
-0.330
-0.330
-0.330
-0.320
-0.310
-0.290
-0.290
-0.280
-0.270
-0.280
-0.280
-0.280
-0.280
-0.270
-0.270
-0.250
-0.240
-0.240
-0.230
-0.220
-0.200
-0.190
-0.190
-0.180
-0.180
-0.180
-0.170
-0.170
-0.170
-0.150
-0.170
-0.150
-0.150
-0.150
-0.150
-0.150
-0.150
-0.150
-0.150
-0.150
-0.150
-0.140
-0.130
-0.130
-0.130
-0.130
-0.130
-0.110
-0.080
-0.030
0.000
0.040
0.040
0.030
0.000
0.000
0.000
-0.030
-0.030
0.000
0.000
0.000
0.000
0.000
0.000
0.000
0.000
0.000
0.000
0.000
0.030
0.070
0.080
0.100
0.120
0.130
0.130
0.130
0.170
0.180
0.200
0.230
0.260
0.270
0.320
0.340
0.360
0.370
0.380
0.420
0.430
0.440
0.440
0.440
0.460
0.470
0.500
0.530
0.560
0.600
0.630
0.660
0.700
0.750
0.770
0.810
0.860
0.890
0.910
0.940
0.970
1.000
1.010
1.010
1.030
1.050
1.090
1.100
1.100
1.100
1.100
1.060
1.050
1.040
1.040
1.040
1.040
1.040
1.040
1.040
1.030
1.030
1.010
1.000
0.990
0.990
0.970
0.970
0.970
0.990
0.990
0.990
0.970
0.970
0.950
0.930
0.910
0.910
0.910
0.900
0.910
0.900
0.900
0.900
0.900
0.900
0.900
0.900
0.900
0.900
0.900
0.900
0.900
0.890
0.870
0.860
0.850
0.830
0.810
0.810
0.790
0.770
0.770
0.760
0.750
0.750
0.760
0.760
0.760
0.770
0.770
0.750
0.750
0.710
0.710
0.710
0.710
0.710
0.710
0.690
0.670
0.660
0.650
0.630
0.600
0.590
0.560
0.540
0.500
0.470
0.440
0.400
0.380
0.370
0.360
0.360
0.340
0.360
0.360
0.340
0.330
0.320
0.290
0.260
0.230
0.200
0.190
0.180
0.140
0.130
0.100
0.090
0.070
0.040
0.000
0.000
-0.050
-0.060
-0.080
-0.080
-0.100
-0.110
-0.140
-0.150
-0.180
-0.200
-0.250
-0.290
-0.330
-0.370
-0.400
-0.440
-0.470
-0.490
-0.520
-0.540
-0.570
-0.610
-0.660
-0.700
-0.730
-0.760
-0.780
-0.800
-0.810
-0.830
-0.860
-0.880
-0.910
-0.940
-0.940
-0.950
-0.960
-0.950
-0.990
-1.000
-1.020
-1.040
-1.060
-1.070
-1.090
-1.100
-1.110
-1.090
-1.100
-1.100
-1.090
-1.090
-1.100
-1.070
-1.070
-1.060
-1.060
-1.060
-1.060
-1.060
-1.050
-1.060
-1.040
-1.010
-1.000
-1.000
-0.970
-0.950
-0.940
-0.920
-0.910
-0.870
-0.860
-0.850
-0.820
-0.810
-0.780
-0.760
-0.760
-0.750
-0.750
-0.730
-0.730
-0.720
-0.710
-0.700
-0.670
-0.660
-0.650
-0.630
-0.620
-0.620
-0.610
-0.580
-0.570
-0.520
-0.480
-0.470
-0.440
-0.460
-0.460
-0.470
-0.470
-0.470
-0.460
-0.460
-0.440
-0.440
-0.440
-0.440
-0.460
-0.460
-0.460
-0.470
-0.470
-0.480
-0.470
-0.470
-0.460
-0.460
-0.440
-0.440
-0.440
-0.440
-0.440
-0.430
-0.420
-0.410
-0.390
-0.380
-0.380
-0.360
-0.340
-0.330
-0.320
-0.320
-0.310
-0.290
-0.280
-0.280
-0.270
-0.270
-0.250
-0.240
-0.240
-0.230
-0.230
-0.230
-0.220
-0.200
-0.200
-0.190
-0.190
-0.170
-0.150
-0.140
-0.130
-0.110
-0.110
-0.110
-0.090
-0.060
0.000
0.040
0.070
0.070
0.070
0.040
0.030
0.000
0.000
0.000
0.030
0.030
0.040
0.040
0.050
0.070
0.070
0.070
0.080
0.080
0.090
0.100
0.120
0.140
0.170
0.200
0.220
0.240
0.240
0.260
0.270
0.300
0.330
0.340
0.360
0.380
0.420
0.440
0.470
0.480
0.530
0.550
0.590
0.650
0.700
0.770
0.850
0.900
0.970
1.030
1.090
1.130
1.150
1.180
1.210
1.230
1.230
1.230
1.240
1.240
1.250
1.270
1.280
1.280
1.280
1.280
1.280
1.290
1.300
1.300
1.290
1.270
1.230
1.200
1.150
1.140
1.140
1.140
1.130
1.140
1.140
1.140
1.130
1.110
1.090
1.050
1.040
1.030
1.010
1.000
1.000
1.000
1.000
0.990
0.950
0.930
0.910
0.890
0.870
0.860
0.860
0.870
0.900
0.910
0.930
0.930
0.930
0.940
0.930
0.940
0.930
0.900
0.890
0.850
0.810
0.790
0.760
0.720
0.690
0.650
0.600
0.570
0.550
0.540
0.530
0.520
0.500
0.480
0.480
0.470
0.440
0.400
0.360
0.300
0.270
0.230
0.190
0.130
0.080
0.030
-0.040
-0.090
-0.140
-0.180
-0.230
-0.300
-0.370
-0.440
-0.520
-0.590
-0.680
-0.770
-0.830
-0.940
-1.020
-1.100
-1.170
-1.230
-1.280
-1.320
-1.370
-1.380
-1.440
-1.450
-1.490
-1.490
-1.490
-1.520
-1.500
-1.490
-1.520
-1.490
-1.480
-1.470
-1.440
-1.450
-1.420
-1.370
-1.380
-1.350
-1.330
-1.320
-1.290
-1.250
-1.240
-1.240
-1.210
-1.210
-1.180
-1.180
-1.170
-1.160
-1.150
-1.120
-1.090
-1.090
-1.050
-1.020
-1.010
-0.990
-0.970
-0.950
-0.910
-0.870
-0.830
-0.780
-0.760
-0.750
-0.720
-0.720
-0.710
-0.680
-0.680
-0.660
-0.650
-0.620
-0.610
-0.590
-0.580
-0.580
-0.570
-0.570
-0.570
-0.570
-0.560
-0.540
-0.530
-0.520
-0.490
-0.490
-0.480
-0.480
-0.480
-0.470
-0.460
-0.460
-0.440
-0.430
-0.430
-0.410
-0.390
-0.380
-0.370
-0.360
-0.330
-0.320
-0.320
-0.310
-0.290
-0.290
-0.280
-0.280
-0.270
-0.250
-0.250
-0.240
-0.240
-0.230
-0.230
-0.220
-0.200
-0.190
-0.180
-0.150
-0.150
-0.140
-0.140
-0.130
-0.110
-0.080
-0.040
0.000
0.070
0.080
0.070
0.050
0.030
0.000
0.000
0.000
0.000
0.000
0.000
0.000
0.000
0.000
0.000
-0.030
-0.040
-0.050
-0.050
-0.040
-0.030
0.000
0.000
0.000
0.000
0.000
0.000
0.000
0.000
0.030
0.040
0.050
0.090
0.120
0.170
0.200
0.260
0.300
0.360
0.420
0.460
0.480
0.530
0.560
0.590
0.620
0.660
0.690
0.720
0.760
0.790
0.810
0.830
0.860
0.870
0.900
0.910
0.940
0.990
1.010
1.040
1.050
1.090
1.090
1.110
1.130
1.170
1.180
1.200
1.200
1.180
1.170
1.150
1.150
1.150
1.150
1.170
1.170
1.170
1.170
1.170
1.150
1.140
1.140
1.130
1.130
1.130
1.110
1.130
1.130
1.130
1.110
1.100
1.090
1.050
1.010
1.010
0.990
0.990
0.970
0.990
0.990
0.990
0.950
0.950
0.930
0.910
0.910
0.890
0.870
0.870
0.870
0.860
0.860
0.850
0.830
0.810
0.800
0.770
0.760
0.720
0.710
0.700
0.690
0.670
0.660
0.670
0.670
0.700
0.710
0.710
0.700
0.710
0.700
0.710
0.710
0.710
0.710
0.690
0.670
0.650
0.650
0.630
0.630
0.620
0.600
0.590
0.570
0.570
0.560
0.560
0.550
0.540
0.530
0.530
0.540
0.540
0.540
0.540
0.530
0.500
0.470
0.420
0.360
0.300
0.260
0.220
0.190
0.170
0.130
0.090
0.070
0.040
0.000
0.000
-0.050
-0.100
-0.150
-0.220
-0.320
-0.390
-0.470
-0.540
-0.630
-0.710
-0.790
-0.850
-0.920
-1.000
-1.060
-1.120
-1.170
-1.210
-1.250
-1.270
-1.300
-1.330
-1.370
-1.380
-1.400
-1.420
-1.440
-1.440
-1.430
-1.470
-1.420
-1.420
-1.400
-1.400
-1.400
-1.390
-1.380
-1.350
-1.330
-1.300
-1.290
-1.270
-1.240
-1.230
-1.210
-1.190
-1.180
-1.170
-1.160
-1.150
-1.110
-1.110
-1.090
-1.070
-1.060
-1.050
-1.040
-1.010
-1.000
-0.990
-0.970
-0.960
-0.950
-0.940
-0.920
-0.910
-0.900
-0.870
-0.860
-0.860
-0.820
-0.820
-0.810
-0.800
-0.780
-0.760
-0.750
-0.750
-0.730
-0.720
-0.710
-0.700
-0.680
-0.670
-0.670
-0.660
-0.650
-0.630
-0.610
-0.590
-0.590
-0.590
-0.580
-0.570
-0.530
-0.490
-0.460
-0.430
-0.420
-0.410
-0.420
-0.430
-0.440
-0.440
-0.440
-0.440
-0.430
-0.430
-0.430
-0.420
-0.430
-0.430
-0.430
-0.440
-0.440
-0.440
-0.430
-0.430
-0.420
-0.390
-0.380
-0.380
-0.370
-0.370
-0.370
-0.370
-0.370
-0.360
-0.360
-0.360
-0.340
-0.330
-0.320
-0.320
-0.310
-0.290
-0.280
-0.250
-0.240
-0.230
-0.220
-0.200
-0.190
-0.180
-0.150
-0.150
-0.140
-0.130
-0.110
-0.110
-0.100
-0.100
-0.090
-0.080
-0.050
-0.030
0.000
0.030
0.040
0.050
0.080
0.120
0.180
0.240
0.300
0.360
0.360
0.340
0.330
0.320
0.300
0.300
0.300
0.300
0.300
0.290
0.290
0.270
0.260
0.260
0.240
0.260
0.270
0.320
0.370
0.430
0.480
0.530
0.570
0.620
0.660
0.700
0.750
0.790
0.830
0.860
0.890
0.900
0.930
0.940
0.990
1.000
1.030
1.030
1.040
1.040
1.050
1.060
1.090
1.110
1.130
1.150
1.170
1.170
1.170
1.150
1.150
1.150
1.140
1.140
1.140
1.140
1.150
1.150
1.170
1.180
1.180
1.200
1.200
1.200
1.210
1.230
1.230
1.230
1.230
1.230
1.200
1.200
1.180
1.170
1.170
1.150
1.140
1.140
1.130
1.110
1.110
1.090
1.050
1.040
1.010
1.000
1.000
1.000
1.010
1.000
0.970
0.940
0.910
0.900
0.860
0.850
0.830
0.850
0.850
0.870
0.870
0.890
0.890
0.890
0.890
0.870
0.870
0.860
0.850
0.850
0.830
0.830
0.810
0.800
0.790
0.770
0.720
0.700
0.660
0.600
0.570
0.540
0.520
0.480
0.470
0.460
0.440
0.430
0.420
0.370
0.340
0.320
0.270
0.240
0.230
0.200
0.170
0.100
0.070
0.030
0.000
-0.030
-0.050
-0.090
-0.130
-0.170
-0.200
-0.250
-0.300
-0.340
-0.390
-0.430
-0.480
-0.530
-0.580
-0.650
-0.710
-0.800
-0.880
-0.970
-1.050
-1.120
-1.180
-1.230
-1.270
-1.320
-1.330
-1.340
-1.350
-1.350
-1.350
-1.350
-1.350
-1.350
-1.350
-1.330
-1.330
-1.330
-1.340
-1.330
-1.300
-1.320
-1.320
-1.300
-1.330
-1.340
-1.290
-1.300
-1.300
-1.290
-1.270
-1.250
-1.240
-1.210
-1.180
-1.170
-1.120
-1.120
-1.120
-1.090
-1.090
-1.050
-1.010
-0.970
-0.950
-0.950
-0.950
-0.940
-0.920
-0.920
-0.900
-0.880
-0.860
-0.850
-0.810
-0.800
-0.770
-0.730
-0.730
-0.720
-0.720
-0.700
-0.680
-0.680
-0.660
-0.630
-0.630
-0.620
-0.590
-0.590
-0.590
-0.580
-0.570
-0.560
-0.540
-0.530
-0.510
-0.490
-0.470
-0.460
-0.440
-0.430
-0.410
-0.390
-0.380
-0.370
-0.360
-0.340
-0.320
-0.310
-0.310
-0.280
-0.270
-0.270
-0.250
-0.240
-0.240
-0.240
-0.230
-0.230
-0.220
-0.200
-0.190
-0.190
-0.180
-0.190
-0.180
-0.170
-0.140
-0.100
-0.050
0.000
0.000
0.000
-0.040
-0.050
-0.060
-0.080
-0.080
-0.060
-0.080
-0.080
-0.080
-0.080
-0.080
-0.090
-0.100
-0.100
-0.110
-0.110
-0.090
-0.080
-0.060
-0.050
-0.040
-0.040
-0.050
-0.060
-0.080
-0.060
-0.080
-0.060
-0.060
-0.060
-0.050
-0.040
-0.040
-0.030
0.000
0.000
0.000
0.000
0.000
0.000
0.000
0.000
0.000
0.000
0.000
0.000
0.000
0.000
0.000
0.000
0.000
0.000
0.000
0.000
0.000
0.040
0.070
0.080
0.080
0.090
0.100
0.140
0.190
0.260
0.320
0.360
0.370
0.380
0.400
0.460
0.520
0.590
0.670
0.760
0.850
0.900
0.940
1.000
1.040
1.060
1.100
1.110
1.110
1.110
1.130
1.130
1.140
1.130
1.130
1.110
1.100
1.100
1.060
1.050
1.050
1.040
1.040
1.050
1.060
1.100
1.100
1.110
1.130
1.140
1.150
1.170
1.180
1.200
1.200
1.210
1.210
1.230
1.210
1.200
1.170
1.150
1.140
1.130
1.110
1.110
1.100
1.090
1.090
1.090
1.090
1.110
1.110
1.100
1.100
1.090
1.090
1.060
1.050
1.050
1.040
1.030
0.990
0.990
0.990
0.970
0.950
0.950
0.940
0.930
0.900
0.890
0.870
0.860
0.830
0.810
0.790
0.770
0.760
0.750
0.720
0.700
0.670
0.650
0.620
0.600
0.590
0.560
0.560
0.560
0.560
0.550
0.540
0.540
0.540
0.540
0.530
0.540
0.540
0.540
0.530
0.530
0.520
0.480
0.460
0.420
0.380
0.340
0.300
0.270
0.240
0.220
0.190
0.170
0.140
0.140
0.170
0.180
0.190
0.190
0.190
0.140
0.120
0.070
0.030
0.000
-0.050
-0.080
-0.090
-0.110
-0.130
-0.140
-0.140
-0.150
-0.150
-0.170
-0.190
-0.230
-0.290
-0.340
-0.380
-0.440
-0.490
-0.550
-0.620
-0.700
-0.770
-0.860
-0.950
-1.040
-1.120
-1.210
-1.300
-1.370
-1.430
-1.480
-1.530
-1.570
-1.570
-1.570
-1.590
-1.580
-1.590
-1.570
-1.580
-1.570
-1.540
-1.540
-1.500
-1.480
-1.470
-1.440
-1.440
-1.430
-1.400
-1.400
-1.380
-1.380
-1.350
-1.350
-1.340
-1.320
-1.320
-1.290
-1.240
-1.230
-1.190
-1.170
-1.160
-1.140
-1.120
-1.090
-1.070
-1.040
-0.990
-0.950
-0.900
-0.870
-0.850
-0.830
-0.820
-0.800
-0.780
-0.760
-0.730
-0.720
-0.700
-0.670
-0.650
-0.630
-0.610
-0.590
-0.610
-0.580
-0.580
-0.570
-0.560
-0.530
-0.520
-0.510
-0.490
-0.480
-0.480
-0.480
-0.470
-0.460
-0.440
-0.430
-0.420
-0.410
-0.390
-0.370
-0.370
-0.360
-0.330
-0.330
-0.320
-0.310
-0.310
-0.290
-0.290
-0.280
-0.280
-0.280
-0.270
-0.270
-0.270
-0.270
-0.250
-0.250
-0.250
-0.250
-0.240
-0.230
-0.220
-0.200
-0.180
-0.190
-0.190
-0.180
-0.150
-0.130
-0.080
-0.030
0.000
0.000
-0.030
-0.040
-0.050
-0.060
-0.060
-0.050
-0.050
-0.050
-0.050
-0.050
-0.050
-0.060
-0.060
-0.080
-0.090
-0.090
-0.090
-0.080
-0.060
-0.050
-0.040
-0.040
-0.050
-0.060
-0.060
-0.080
-0.080
-0.080
-0.080
-0.060
-0.050
-0.040
-0.030
0.000
0.000
0.000
0.000
0.030
0.030
0.030
0.050
0.070
0.080
0.100
0.140
0.190
0.230
0.290
0.340
0.420
0.460
0.530
0.560
0.620
0.690
0.760
0.810
0.870
0.910
0.950
0.990
1.030
1.060
1.110
1.140
1.180
1.170
1.150
1.150
1.130
1.110
1.130
1.110
1.110
1.130
1.110
1.110
1.110
1.110
1.110
1.090
1.090
1.060
1.050
1.050
1.060
1.090
1.090
1.090
1.060
1.040
1.030
1.000
0.970
0.970
0.970
0.990
0.990
1.030
1.040
1.060
1.100
1.130
1.130
1.150
1.170
1.150
1.150
1.140
1.130
1.100
1.090
1.050
1.030
1.000
0.990
0.940
0.910
0.890
0.870
0.860
0.850
0.860
0.870
0.890
0.900
0.900
0.890
0.860
0.830
0.810
0.800
0.800
0.790
0.770
0.750
0.710
0.700
0.700
0.690
0.690
0.690
0.660
0.650
0.620
0.590
0.570
0.560
0.550
0.540
0.540
0.530
0.520
0.520
0.520
0.500
0.500
0.480
0.470
0.470
0.460
0.440
0.430
0.430
0.430
0.440
0.460
0.470
0.460
0.460
0.440
0.420
0.380
0.360
0.330
0.290
0.240
0.220
0.200
0.170
0.130
0.100
0.080
0.050
0.000
0.000
-0.050
-0.080
-0.100
-0.130
-0.150
-0.150
-0.180
-0.180
-0.200
-0.220
-0.250
-0.290
-0.320
-0.340
-0.380
-0.400
-0.450
-0.480
-0.530
-0.570
-0.620
-0.670
-0.720
-0.780
-0.860
-0.920
-0.990
-1.060
-1.110
-1.150
-1.180
-1.200
-1.230
-1.250
-1.270
-1.280
-1.280
-1.280
-1.300
-1.320
-1.340
-1.350
-1.370
-1.370
-1.370
-1.370
-1.350
-1.330
-1.300
-1.300
-1.270
-1.250
-1.240
-1.240
-1.210
-1.200
-1.230
-1.230
-1.200
-1.200
-1.200
-1.180
-1.180
-1.180
-1.180
-1.170
-1.170
-1.150
-1.170
-1.160
-1.140
-1.150
-1.120
-1.100
-1.060
-1.040
-1.020
-1.010
-0.970
-0.950
-0.910
-0.870
-0.820
-0.770
-0.720
-0.700
-0.670
-0.670
-0.660
-0.650
-0.620
-0.590
-0.570
-0.560
-0.530
-0.520
-0.490
-0.480
-0.470
-0.470
-0.470
-0.470
-0.460
-0.440
-0.430
-0.410
-0.390
-0.380
-0.370
-0.370
-0.370
-0.360
-0.340
-0.340
-0.330
-0.320
-0.310
-0.290
-0.280
-0.270
-0.240
-0.230
-0.220
-0.220
-0.200
-0.190
-0.180
-0.180
-0.180
-0.170
-0.170
-0.150
-0.150
-0.150
-0.150
-0.150
-0.150
-0.150
-0.150
-0.140
-0.140
-0.130
-0.110
-0.100
-0.090
-0.100
-0.100
-0.090
-0.050
0.000
0.030
0.050
0.050
0.030
0.000
-0.030
-0.040
-0.050
-0.050
-0.050
-0.050
-0.050
-0.050
-0.050
-0.050
-0.060
-0.060
-0.080
-0.080
-0.080
-0.080
-0.050
-0.050
-0.040
-0.040
-0.040
-0.050
-0.060
-0.060
-0.060
-0.060
-0.060
-0.060
-0.050
-0.050
-0.040
-0.040
-0.030
-0.030
0.000
0.000
-0.030
-0.030
-0.030
-0.030
-0.030
0.000
0.000
0.000
0.000
0.000
0.000
0.000
0.000
0.000
-0.030
-0.030
-0.030
-0.030
0.000
0.000
0.000
0.000
0.000
0.000
0.000
0.040
0.080
0.120
0.140
0.170
0.180
0.200
0.230
0.270
0.300
0.340
0.380
0.440
0.500
0.550
0.600
0.650
0.690
0.710
0.750
0.760
0.790
0.810
0.850
0.870
0.900
0.910
0.940
0.940
0.940
0.950
0.970
0.970
0.970
0.990
1.000
1.010
1.010
1.030
1.030
1.040
1.030
1.040
1.050
1.050
1.050
1.060
1.060
1.090
1.100
1.100
1.100
1.100
1.100
1.100
1.090
1.090
1.060
1.060
1.060
1.050
1.050
1.060
1.060
1.050
1.050
1.010
1.010
1.010
1.000
1.010
0.990
0.970
0.940
0.910
0.910
0.910
0.930
0.910
0.930
0.930
0.940
0.940
0.930
0.930
0.910
0.910
0.890
0.890
0.870
0.870
0.870
0.850
0.810
0.800
0.770
0.760
0.720
0.700
0.700
0.700
0.710
0.720
0.720
0.720
0.710
0.700
0.690
0.700
0.690
0.690
0.690
0.690
0.700
0.700
0.710
0.710
0.700
0.690
0.660
0.630
0.620
0.590
0.550
0.530
0.480
0.460
0.440
0.420
0.400
0.380
0.360
0.320
0.270
0.240
0.230
0.220
0.190
0.140
0.100
0.070
0.000
-0.030
-0.060
-0.090
-0.110
-0.140
-0.170
-0.200
-0.250
-0.290
-0.330
-0.350
-0.390
-0.440
-0.480
-0.520
-0.540
-0.570
-0.590
-0.630
-0.660
-0.700
-0.730
-0.760
-0.800
-0.830
-0.870
-0.900
-0.920
-0.940
-0.950
-0.960
-0.990
-1.000
-1.020
-1.040
-1.050
-1.060
-1.070
-1.100
-1.100
-1.120
-1.150
-1.170
-1.190
-1.200
-1.210
-1.230
-1.230
-1.240
-1.240
-1.250
-1.230
-1.230
-1.210
-1.190
-1.180
-1.190
-1.180
-1.180
-1.180
-1.170
-1.140
-1.140
-1.100
-1.100
-1.100
-1.100
-1.090
-1.110
-1.110
-1.110
-1.100
-1.090
-1.060
-1.040
-1.010
-0.990
-0.970
-0.960
-0.940
-0.920
-0.920
-0.900
-0.870
-0.870
-0.850
-0.820
-0.810
-0.780
-0.770
-0.760
-0.730
-0.720
-0.710
-0.680
-0.670
-0.650
-0.630
-0.610
-0.590
-0.580
-0.580
-0.570
-0.540
-0.540
-0.530
-0.510
-0.510
-0.490
-0.480
-0.470
-0.470
-0.460
-0.440
-0.440
-0.440
-0.440
-0.430
-0.430
-0.430
-0.410
-0.390
-0.380
-0.370
-0.340
-0.340
-0.330
-0.320
-0.290
-0.240
-0.200
-0.170
-0.140
-0.150
-0.150
-0.150
-0.170
-0.180
-0.170
-0.170
-0.170
-0.150
-0.150
-0.150
-0.150
-0.150
-0.150
-0.150
-0.170
-0.150
-0.150
-0.150
-0.130
-0.110
-0.110
-0.100
-0.100
-0.100
-0.110
-0.110
-0.100
-0.100
-0.100
-0.090
-0.080
-0.060
-0.050
-0.040
0.000
0.000
0.000
0.000
0.000
0.030
0.030
0.030
0.040
0.040
0.050
0.070
0.080
0.090
0.100
0.130
0.180
0.220
0.260
0.320
0.370
0.430
0.480
0.530
0.570
0.600
0.650
0.700
0.770
0.830
0.890
0.930
0.940
0.950
0.970
0.990
1.000
1.010
1.040
1.060
1.100
1.130
1.140
1.150
1.150
1.150
1.150
1.150
1.140
1.140
1.140
1.140
1.140
1.140
1.140
1.130
1.110
1.100
1.090
1.050
1.040
1.030
1.030
1.030
1.010
1.010
1.010
1.010
1.010
1.030
1.010
1.030
1.030
1.030
1.030
1.030
1.030
1.030
1.000
0.990
0.950
0.910
0.900
0.870
0.850
0.830
0.810
0.800
0.830
0.830
0.850
0.860
0.850
0.830
0.810
0.810
0.800
0.790
0.760
0.750
0.700
0.670
0.650
0.620
0.600
0.570
0.570
0.560
0.540
0.520
0.480
0.470
0.440
0.440
0.430
0.420
0.400
0.400
0.400
0.400
0.400
0.400
0.370
0.360
0.330
0.320
0.300
0.270
0.260
0.240
0.230
0.220
0.200
0.180
0.170
0.130
0.100
0.100
0.090
0.090
0.090
0.090
0.090
0.090
0.090
0.090
0.080
0.050
0.030
0.000
-0.050
-0.100
-0.140
-0.180
-0.230
-0.290
-0.330
-0.380
-0.430
-0.500
-0.600
-0.710
-0.800
-0.900
-0.970
-1.050
-1.120
-1.170
-1.240
-1.300
-1.330
-1.380
-1.390
-1.390
-1.420
-1.420
-1.400
-1.390
-1.420
-1.400
-1.380
-1.380
-1.370
-1.380
-1.350
-1.350
-1.350
-1.290
-1.280
-1.280
-1.240
-1.230
-1.200
-1.180
-1.150
-1.120
-1.110
-1.070
-1.050
-1.040
-1.020
-1.000
-0.990
-0.970
-0.960
-0.960
-0.940
-0.910
-0.910
-0.900
-0.870
-0.860
-0.850
-0.830
-0.810
-0.800
-0.780
-0.770
-0.760
-0.750
-0.730
-0.720
-0.710
-0.680
-0.660
-0.630
-0.630
-0.630
-0.620
-0.620
-0.590
-0.570
-0.540
-0.520
-0.510
-0.510
-0.520
-0.520
-0.530
-0.530
-0.530
-0.520
-0.510
-0.490
-0.480
-0.480
-0.470
-0.460
-0.460
-0.440
-0.440
-0.430
-0.430
-0.420
-0.430
-0.420
-0.420
-0.410
-0.420
-0.420
-0.420
-0.420
-0.410
-0.410
-0.390
-0.390
-0.380
-0.370
-0.360
-0.340
-0.340
-0.340
-0.340
-0.330
-0.330
-0.320
-0.320
-0.310
-0.310
-0.310
-0.310
-0.290
-0.290
-0.280
-0.280
-0.280
-0.270
-0.270
-0.270
-0.270
-0.250
-0.250
-0.240
-0.240
-0.240
-0.250
-0.240
-0.200
-0.150
-0.130
-0.080
-0.060
-0.060
-0.080
-0.090
-0.090
-0.090
-0.090
-0.080
-0.080
-0.080
-0.080
-0.080
-0.080
-0.080
-0.080
-0.090
-0.090
-0.090
-0.060
-0.050
-0.040
-0.030
-0.030
-0.030
-0.030
-0.040
-0.040
-0.030
-0.030
-0.030
-0.030
0.000
0.000
0.030
0.040
0.070
0.080
0.080
0.090
0.100
0.120
0.130
0.140
0.180
0.190
0.220
0.230
0.240
0.270
0.290
0.300
0.320
0.340
0.360
0.380
0.430
0.480
0.540
0.600
0.650
0.700
0.750
0.790
0.860
0.930
1.000
1.060
1.100
1.130
1.140
1.150
1.170
1.180
1.180
1.200
1.210
1.230
1.250
1.280
1.290
1.300
1.330
1.300
1.330
1.300
1.300
1.330
1.330
1.340
1.330
1.300
1.280
1.270
1.270
1.240
1.230
1.210
1.200
1.200
1.200
1.200
1.200
1.200
1.200
1.200
1.180
1.180
1.180
1.170
1.170
1.170
1.170
1.150
1.140
1.130
1.110
1.090
1.060
1.050
1.040
1.030
1.010
1.010
1.000
1.010
1.030
1.040
1.050
1.040
1.030
1.010
1.010
1.010
1.010
1.000
0.990
0.950
0.930
0.900
0.870
0.860
0.830
0.810
0.800
0.790
0.770
0.750
0.710
0.700
0.690
0.690
0.670
0.670
0.690
0.690
0.690
0.670
0.650
0.620
0.570
0.550
0.540
0.530
0.530
0.530
0.530
0.530
0.500
0.470
0.440
0.420
0.370
0.340
0.300
0.260
0.220
0.170
0.100
0.050
0.000
-0.060
-0.130
-0.170
-0.230
-0.300
-0.350
-0.420
-0.450
-0.490
-0.530
-0.550
-0.590
-0.610
-0.650
-0.710
-0.770
-0.870
-0.970
-1.070
-1.150
-1.210
-1.270
-1.330
-1.380
-1.420
-1.450
-1.480
-1.470
-1.490
-1.440
-1.470
-1.430
-1.450
-1.440
-1.440
-1.430
-1.420
-1.420
-1.420
-1.430
-1.420
-1.420
-1.390
-1.340
-1.330
-1.320
-1.280
-1.270
-1.270
-1.230
-1.230
-1.210
-1.200
-1.180
-1.170
-1.140
-1.120
-1.100
-1.070
-1.060
-1.040
-1.020
-1.000
-0.970
-0.960
-0.940
-0.910
-0.900
-0.870
-0.850
-0.820
-0.800
-0.780
-0.770
-0.760
-0.730
-0.720
-0.710
-0.700
-0.680
-0.660
-0.630
-0.620
-0.610
-0.610
-0.580
-0.540
-0.510
-0.460
-0.410
-0.380
-0.360
-0.370
-0.370
-0.360
-0.360
-0.360
-0.330
-0.320
-0.310
-0.290
-0.280
-0.270
-0.270
-0.250
-0.250
-0.250
-0.250
-0.240
-0.230
-0.220
-0.200
-0.180
-0.180
-0.170
-0.180
-0.180
-0.180
-0.170
-0.170
-0.150
-0.150
-0.150
-0.140
-0.130
-0.110
-0.100
-0.090
-0.090
-0.080
-0.080
-0.080
-0.060
-0.060
-0.080
-0.080
-0.080
-0.060
-0.060
-0.080
-0.080
-0.080
-0.080
-0.090
-0.080
-0.080
-0.060
-0.060
-0.050
-0.050
-0.060
-0.050
-0.050
-0.030
0.000
0.050
0.090
0.090
0.070
0.040
0.030
0.000
0.000
0.000
0.000
0.000
0.000
-0.030
-0.030
-0.030
-0.040
-0.040
-0.050
-0.050
-0.040
-0.040
0.000
0.000
0.030
0.040
0.040
0.030
0.030
0.030
0.040
0.050
0.070
0.080
0.100
0.130
0.140
0.190
0.200
0.230
0.260
0.290
0.330
0.370
0.420
0.440
0.500
0.530
0.570
0.630
0.690
0.750
0.770
0.800
0.850
0.890
0.910
0.940
0.970
1.000
1.030
1.050
1.090
1.100
1.110
1.140
1.170
1.180
1.210
1.210
1.210
1.180
1.150
1.140
1.130
1.130
1.110
1.110
1.110
1.110
1.110
1.110
1.110
1.110
1.110
1.110
1.110
1.110
1.130
1.130
1.140
1.150
1.150
1.130
1.110
1.090
1.050
1.040
1.030
1.030
1.030
1.030
1.040
1.030
1.030
1.030
1.030
1.010
0.990
1.000
0.990
0.990
0.990
0.970
0.970
0.970
0.940
0.910
0.890
0.860
0.810
0.790
0.760
0.710
0.690
0.660
0.630
0.600
0.590
0.570
0.550
0.520
0.480
0.460
0.430
0.400
0.370
0.330
0.290
0.240
0.220
0.190
0.170
0.130
0.100
0.090
0.070
0.030
0.000
-0.030
-0.040
-0.060
-0.090
-0.110
-0.150
-0.190
-0.250
-0.300
-0.380
-0.450
-0.540
-0.620
-0.690
-0.750
-0.810
-0.880
-0.940
-0.990
-1.040
-1.090
-1.120
-1.160
-1.190
-1.250
-1.280
-1.290
-1.320
-1.350
-1.370
-1.400
-1.420
-1.420
-1.430
-1.440
-1.450
-1.470
-1.450
-1.470
-1.450
-1.430
-1.440
-1.440
-1.420
-1.400
-1.370
-1.350
-1.320
-1.300
-1.280
-1.230
-1.200
-1.170
-1.120
-1.070
-1.040
-0.990
-0.960
-0.950
-0.940
-0.920
-0.880
-0.870
-0.850
-0.810
-0.800
-0.760
-0.730
-0.710
-0.680
-0.680
-0.670
-0.650
-0.620
-0.610
-0.580
-0.560
-0.520
-0.510
-0.480
-0.480
-0.470
-0.460
-0.440
-0.430
-0.420
-0.410
-0.380
-0.370
-0.360
-0.340
-0.330
-0.320
-0.310
-0.310
-0.290
-0.280
-0.280
-0.270
-0.270
-0.250
-0.250
-0.240
-0.230
-0.220
-0.200
-0.200
-0.190
-0.190
-0.200
-0.190
-0.180
-0.170
-0.150
-0.150
-0.140
-0.150
-0.150
-0.130
-0.090
-0.050
0.000
0.030
0.030
0.000
0.000
-0.040
-0.050
-0.050
-0.050
-0.050
-0.050
-0.040
-0.040
-0.040
-0.050
-0.050
-0.060
-0.080
-0.090
-0.080
-0.060
-0.060
-0.040
-0.040
-0.030
-0.030
-0.040
-0.050
-0.060
-0.060
-0.060
-0.060
-0.050
-0.060
-0.040
-0.040
-0.030
0.000
0.000
0.000
0.000
0.000
0.000
0.000
0.000
0.000
0.000
0.000
0.000
0.000
0.030
0.040
0.050
0.070
0.090
0.120
0.180
0.230
0.290
0.360
0.430
0.480
0.530
0.560
0.630
0.710
0.810
0.900
0.970
1.030
1.050
1.090
1.100
1.110
1.140
1.150
1.170
1.200
1.210
1.230
1.240
1.240
1.230
1.230
1.210
1.200
1.180
1.200
1.200
1.200
1.210
1.210
1.200
1.170
1.150
1.130
1.110
1.100
1.100
1.100
1.100
1.110
1.100
1.110
1.090
1.090
1.060
1.050
1.050
1.040
1.030
1.030
1.010
1.010
1.000
0.990
0.970
0.940
0.900
0.860
0.830
0.800
0.770
0.770
0.750
0.750
0.770
0.790
0.800
0.800
0.800
0.800
0.800
0.800
0.830
0.850
0.860
0.860
0.850
0.830
0.810
0.810
0.810
0.810
0.810
0.790
0.760
0.710
0.670
0.650
0.620
0.590
0.590
0.570
0.590
0.590
0.600
0.600
0.600
0.590
0.590
0.560
0.540
0.500
0.480
0.470
0.460
0.460
0.460
0.430
0.420
0.400
0.380
0.360
0.330
0.300
0.270
0.240
0.220
0.190
0.140
0.120
0.080
0.050
0.000
-0.030
-0.060
-0.090
-0.140
-0.150
-0.200
-0.250
-0.290
-0.320
-0.340
-0.400
-0.450
-0.530
-0.630
-0.720
-0.820
-0.910
-1.010
-1.110
-1.190
-1.280
-1.390
-1.470
-1.540
-1.580
-1.630
-1.640
-1.680
-1.690
-1.720
-1.720
-1.710
-1.720
-1.740
-1.760
-1.740
-1.740
-1.720
-1.720
-1.720
-1.670
-1.670
-1.640
-1.620
-1.580
-1.570
-1.540
-1.520
-1.470
-1.400
-1.380
-1.350
-1.320
-1.290
-1.240
-1.190
-1.170
-1.140
-1.100
-1.070
-1.050
-1.020
-0.990
-0.960
-0.920
-0.900
-0.880
-0.860
-0.820
-0.810
-0.770
-0.770
-0.750
-0.720
-0.700
-0.670
-0.650
-0.610
-0.590
-0.570
-0.560
-0.540
-0.520
-0.480
-0.430
-0.380
-0.340
-0.320
-0.320
-0.310
-0.320
-0.320
-0.310
-0.290
-0.280
-0.270
-0.240
-0.240
-0.230
-0.220
-0.220
-0.220
-0.230
-0.230
-0.220
-0.200
-0.200
-0.180
-0.170
-0.150
-0.150
-0.150
-0.150
-0.150
-0.150
-0.150
-0.150
-0.150
-0.150
-0.150
-0.140
-0.130
-0.110
-0.110
-0.100
-0.100
-0.090
-0.090
-0.090
-0.090
-0.080
-0.080
-0.080
-0.080
-0.080
-0.080
-0.080
-0.080
-0.080
-0.080
-0.090
-0.090
-0.090
-0.080
-0.080
-0.080
-0.060
-0.060
-0.080
-0.060
-0.030
0.000
0.050
0.090
0.090
0.080
0.040
0.000
0.000
0.000
0.000
0.000
0.000
0.000
0.000
0.000
0.030
0.030
0.040
0.050
0.070
0.100
0.170
0.230
0.300
0.360
0.420
0.470
0.530
0.550
0.600
0.660
0.700
0.750
0.800
0.850
0.890
0.930
0.950
1.000
1.010
1.030
1.040
1.050
1.050
1.060
1.100
1.100
1.100
1.110
1.110
1.130
1.130
1.130
1.140
1.110
1.100
1.100
1.090
1.090
1.100
1.110
1.130
1.130
1.140
1.130
1.130
1.110
1.140
1.140
1.130
1.110
1.100
1.060
1.040
1.010
1.010
1.000
1.000
1.000
1.000
1.000
1.000
1.000
1.000
1.000
1.000
0.990
1.000
0.990
1.000
1.000
1.000
0.990
0.990
0.950
0.930
0.900
0.870
0.860
0.860
0.860
0.870
0.890
0.890
0.890
0.890
0.870
0.860
0.830
0.810
0.800
0.800
0.800
0.800
0.800
0.790
0.790
0.760
0.750
0.720
0.710
0.690
0.670
0.660
0.650
0.630
0.620
0.600
0.600
0.600
0.570
0.550
0.530
0.500
0.470
0.460
0.440
0.420
0.380
0.360
0.330
0.300
0.270
0.260
0.230
0.200
0.170
0.120
0.080
0.030
-0.030
-0.080
-0.140
-0.190
-0.250
-0.320
-0.350
-0.400
-0.450
-0.500
-0.550
-0.600
-0.660
-0.730
-0.800
-0.860
-0.920
-0.970
-1.040
-1.100
-1.160
-1.190
-1.250
-1.290
-1.370
-1.400
-1.440
-1.490
-1.490
-1.520
-1.500
-1.520
-1.520
-1.500
-1.530
-1.490
-1.480
-1.490
-1.500
-1.490
-1.500
-1.480
-1.450
-1.440
-1.420
-1.390
-1.340
-1.320
-1.300
-1.290
-1.280
-1.270
-1.240
-1.200
-1.170
-1.140
-1.110
-1.090
-1.090
-1.060
-1.050
-1.050
-1.020
-1.000
-0.970
-0.960
-0.920
-0.920
-0.870
-0.860
-0.850
-0.830
-0.810
-0.810
-0.780
-0.760
-0.730
-0.700
-0.680
-0.670
-0.650
-0.630
-0.620
-0.610
-0.590
-0.580
-0.560
-0.540
-0.540
-0.530
-0.510
-0.490
-0.480
-0.470
-0.460
-0.430
-0.430
-0.420
-0.410
-0.390
-0.380
-0.370
-0.360
-0.360
-0.340
-0.330
-0.330
-0.330
-0.320
-0.320
-0.310
-0.310
-0.290
-0.270
-0.240
-0.240
-0.230
-0.230
-0.220
-0.190
-0.150
-0.100
-0.060
-0.030
0.000
-0.030
-0.050
-0.060
-0.060
-0.080
-0.080
-0.080
-0.080
-0.060
-0.060
-0.060
-0.060
-0.080
-0.090
-0.100
-0.100
-0.100
-0.090
-0.080
-0.060
-0.050
-0.050
-0.050
-0.050
-0.080
-0.080
-0.080
-0.080
-0.080
-0.080
-0.080
-0.060
-0.050
-0.040
-0.040
-0.030
-0.030
0.000
-0.030
0.000
0.000
-0.030
0.000
0.000
0.000
0.000
0.000
0.000
-0.030
-0.030
-0.030
-0.030
-0.030
-0.030
0.000
0.000
0.040
0.050
0.090
0.120
0.170
0.220
0.300
0.400
0.500
0.570
0.620
0.650
0.660
0.690
0.720
0.770
0.810
0.860
0.900
0.940
0.970
1.000
1.030
1.030
1.050
1.050
1.060
1.060
1.060
1.060
1.090
1.090
1.090
1.100
1.090
1.090
1.090
1.060
1.060
1.060
1.060
1.090
1.090
1.100
1.110
1.130
1.130
1.130
1.130
1.130
1.140
1.140
1.150
1.150
1.150
1.150
1.150
1.140
1.140
1.130
1.130
1.110
1.100
1.090
1.060
1.060
1.050
1.040
1.040
1.040
1.030
1.010
0.990
0.970
0.950
0.950
0.940
0.910
0.890
0.830
0.760
0.700
0.670
0.630
0.590
0.550
0.520
0.460
0.420
0.360
0.320
0.270
0.230
0.200
0.180
0.170
0.170
0.170
0.140
0.130
0.120
0.090
0.070
0.030
0.000
-0.030
-0.040
-0.050
-0.050
-0.060
-0.080
-0.090
-0.100
-0.110
-0.130
-0.140
-0.150
-0.170
-0.180
-0.190
-0.220
-0.230
-0.280
-0.330
-0.380
-0.450
-0.540
-0.620
-0.730
-0.820
-0.920
-1.000
-1.070
-1.140
-1.170
-1.210
-1.240
-1.250
-1.250
-1.250
-1.230
-1.190
-1.170
-1.140
-1.110
-1.100
-1.090
-1.090
-1.090
-1.090
-1.090
-1.070
-1.070
-1.050
-1.010
-1.010
-1.000
-0.990
-0.960
-0.950
-0.940
-0.940
-0.920
-0.910
-0.900
-0.870
-0.870
-0.850
-0.830
-0.850
-0.850
-0.850
-0.850
-0.830
-0.820
-0.820
-0.810
-0.780
-0.770
-0.750
-0.720
-0.700
-0.680
-0.670
-0.650
-0.620
-0.610
-0.580
-0.570
-0.540
-0.530
-0.520
-0.510
-0.490
-0.490
-0.480
-0.470
-0.460
-0.460
-0.440
-0.430
-0.410
-0.380
-0.370
-0.340
-0.320
-0.320
-0.310
-0.270
-0.230
-0.180
-0.140
-0.110
-0.100
-0.100
-0.130
-0.140
-0.150
-0.150
-0.150
-0.150
-0.140
-0.140
-0.140
-0.140
-0.140
-0.140
-0.150
-0.150
-0.150
-0.150
-0.140
-0.130
-0.110
-0.100
-0.090
-0.100
-0.100
-0.110
-0.130
-0.130
-0.110
-0.110
-0.100
-0.090
-0.080
-0.060
-0.050
-0.050
-0.040
-0.040
-0.030
-0.030
-0.030
-0.030
-0.030
-0.030
0.000
0.000
0.000
0.000
0.000
0.000
0.000
-0.030
-0.030
-0.030
0.000
0.000
0.000
0.030
0.040
0.050
0.070
0.080
0.130
0.200
0.290
0.370
0.430
0.480
0.520
0.540
0.570
0.630
0.670
0.750
0.800
0.860
0.900
0.940
0.990
1.010
1.030
1.050
1.060
1.060
1.060
1.060
1.100
1.100
1.110
1.110
1.100
1.100
1.090
1.050
1.040
1.040
1.030
1.040
1.040
1.050
1.050
1.050
1.050
1.050
1.040
1.040
1.050
1.040
1.050
1.050
1.050
1.050
1.040
1.040
1.030
1.030
1.010
1.000
0.970
0.950
0.940
0.930
0.910
0.930
0.940
0.970
0.990
1.010
1.010
1.010
1.030
1.030
1.030
1.030
1.030
1.000
0.970
0.940
0.910
0.900
0.890
0.870
0.870
0.860
0.850
0.830
0.800
0.770
0.760
0.750
0.710
0.710
0.690
0.670
0.650
0.620
0.570
0.530
0.470
0.380
0.300
0.230
0.170
0.090
0.000
-0.090
-0.180
-0.290
-0.390
-0.490
-0.590
-0.690
-0.790
-0.880
-0.940
-1.010
-1.090
-1.150
-1.210
-1.270
-1.330
-1.350
-1.430
-1.490
-1.500
-1.540
-1.580
-1.590
-1.620
-1.630
-1.630
-1.590
-1.610
-1.610
-1.590
-1.620
-1.570
-1.570
-1.520
-1.480
-1.440
-1.370
-1.370
-1.300
-1.280
-1.240
-1.230
-1.200
-1.150
-1.120
-1.100
-1.060
-1.010
-1.000
-0.970
-0.940
-0.900
-0.900
-0.870
-0.850
-0.810
-0.770
-0.750
-0.720
-0.710
-0.670
-0.660
-0.650
-0.630
-0.590
-0.580
-0.570
-0.560
-0.530
-0.510
-0.490
-0.470
-0.460
-0.430
-0.420
-0.410
-0.390
-0.380
-0.370
-0.360
-0.340
-0.340
-0.330
-0.330
-0.330
-0.330
-0.330
-0.330
-0.320
-0.320
-0.320
-0.320
-0.310
-0.290
-0.280
-0.270
-0.270
-0.270
-0.270
-0.250
-0.230
-0.190
-0.170
-0.150
-0.150
-0.150
-0.180
-0.190
-0.220
-0.200
-0.200
-0.190
-0.180
-0.170
-0.150
-0.150
-0.140
-0.140
-0.130
-0.130
-0.110
-0.100
-0.090
-0.080
-0.060
-0.050
-0.050
-0.050
-0.060
-0.080
-0.080
-0.090
-0.080
-0.080
-0.080
-0.060
-0.050
-0.040
-0.030
0.000
0.000
0.000
0.030
0.040
0.050
0.050
0.050
0.070
0.080
0.080
0.090
0.090
0.090
0.090
0.090
0.080
0.080
0.070
0.070
0.070
0.070
0.070
0.080
0.080
0.050
0.050
0.050
0.080
0.120
0.140
0.190
0.180
0.170
0.120
0.100
0.080
0.070
0.070
0.070
0.070
0.080
0.100
0.140
0.200
0.240
0.300
0.360
0.400
0.460
0.530
0.600
0.690
0.770
0.850
0.890
0.910
0.950
0.990
1.010
1.040
1.050
1.100
1.130
1.150
1.170
1.210
1.210
1.230
1.240
1.250
1.270
1.250
1.270
1.270
1.280
1.270
1.250
1.240
1.230
1.210
1.200
1.150
1.150
1.130
1.130
1.130
1.110
1.110
1.110
1.110
1.130
1.140
1.130
1.140
1.140
1.150
1.170
1.170
1.170
1.140
1.140
1.100
1.090
1.060
1.050
1.050
1.040
1.040
1.030
1.010
1.000
0.970
0.950
0.940
0.930
0.930
0.930
0.940
0.940
0.940
0.940
0.940
0.900
0.860
0.810
0.790
0.760
0.720
0.720
0.710
0.710
0.710
0.700
0.690
0.670
0.660
0.650
0.650
0.650
0.630
0.620
0.620
0.590
0.560
0.540
0.520
0.460
0.420
0.360
0.290
0.230
0.170
0.100
0.050
0.000
-0.040
-0.080
-0.110
-0.150
-0.180
-0.250
-0.300
-0.370
-0.400
-0.470
-0.520
-0.570
-0.620
-0.680
-0.730
-0.800
-0.860
-0.920
-1.000
-1.070
-1.140
-1.200
-1.250
-1.320
-1.340
-1.380
-1.420
-1.430
-1.470
-1.490
-1.500
-1.520
-1.530
-1.530
-1.540
-1.540
-1.570
-1.560
-1.560
-1.580
-1.540
-1.560
-1.500
-1.490
-1.450
-1.430
-1.380
-1.350
-1.330
-1.290
-1.280
-1.240
-1.210
-1.190
-1.190
-1.170
-1.140
-1.110
-1.090
-1.070
-1.060
-1.020
-1.000
-0.990
-0.950
-0.950
-0.920
-0.880
-0.860
-0.820
-0.800
-0.770
-0.760
-0.730
-0.720
-0.670
-0.630
-0.580
-0.560
-0.520
-0.510
-0.510
-0.510
-0.510
-0.510
-0.480
-0.480
-0.460
-0.430
-0.430
-0.420
-0.410
-0.390
-0.390
-0.380
-0.390
-0.390
-0.380
-0.370
-0.360
-0.330
-0.310
-0.290
-0.290
-0.290
-0.280
-0.280
-0.270
-0.250
-0.240
-0.230
-0.220
-0.190
-0.180
-0.170
-0.150
-0.140
-0.140
-0.130
-0.110
-0.110
-0.100
-0.100
-0.100
-0.100
-0.090
-0.090
-0.090
-0.080
-0.080
-0.080
-0.080
-0.080
-0.090
-0.080
-0.080
-0.060
-0.060
-0.040
-0.040
-0.040
-0.040
-0.030
0.000
0.050
0.090
0.120
0.120
0.090
0.070
0.040
0.030
0.030
0.030
0.000
0.030
0.000
0.030
0.030
0.030
0.030
0.030
0.030
0.040
0.070
0.100
0.140
0.200
0.260
0.300
0.330
0.360
0.370
0.400
0.430
0.460
0.500
0.530
0.550
0.590
0.600
0.650
0.670
0.700
0.720
0.760
0.800
0.830
0.860
0.890
0.910
0.940
0.970
0.990
1.000
1.000
1.010
1.010
1.010
1.010
1.010
1.000
1.000
1.010
1.030
1.040
1.040
1.040
1.040
1.050
1.090
1.130
1.140
1.150
1.140
1.110
1.090
1.050
1.040
1.030
1.030
1.030
1.040
1.060
1.090
1.090
1.100
1.100
1.090
1.060
1.060
1.060
1.090
1.090
1.100
1.110
1.100
1.090
1.050
1.010
0.990
0.970
0.940
0.940
0.940
0.940
0.940
0.940
0.940
0.940
0.950
0.970
0.970
0.990
0.970
0.970
0.970
0.970
0.950
0.940
0.940
0.910
0.900
0.870
0.850
0.810
0.790
0.760
0.720
0.710
0.690
0.670
0.670
0.660
0.660
0.650
0.630
0.620
0.600
0.590
0.570
0.570
0.550
0.540
0.530
0.500
0.480
0.470
0.460
0.440
0.400
0.370
0.330
0.300
0.260
0.240
0.200
0.180
0.130
0.100
0.090
0.080
0.070
0.040
0.000
0.000
-0.060
-0.110
-0.170
-0.220
-0.280
-0.300
-0.330
-0.370
-0.400
-0.440
-0.490
-0.540
-0.580
-0.620
-0.660
-0.710
-0.750
-0.780
-0.820
-0.880
-0.920
-0.970
-1.010
-1.050
-1.090
-1.140
-1.180
-1.200
-1.240
-1.280
-1.300
-1.330
-1.350
-1.370
-1.380
-1.380
-1.380
-1.390
-1.400
-1.390
-1.370
-1.330
-1.320
-1.270
-1.250
-1.210
-1.210
-1.210
-1.200
-1.180
-1.200
-1.180
-1.170
-1.160
-1.150
-1.140
-1.120
-1.100
-1.090
-1.090
-1.090
-1.090
-1.090
-1.090
-1.060
-1.060
-1.040
-1.020
-1.010
-1.000
-0.970
-0.950
-0.940
-0.910
-0.880
-0.860
-0.850
-0.830
-0.810
-0.780
-0.780
-0.760
-0.730
-0.720
-0.720
-0.680
-0.670
-0.650
-0.630
-0.610
-0.590
-0.580
-0.570
-0.560
-0.560
-0.540
-0.530
-0.530
-0.520
-0.520
-0.490
-0.480
-0.460
-0.430
-0.420
-0.410
-0.410
-0.380
-0.340
-0.310
-0.250
-0.220
-0.190
-0.190
-0.200
-0.230
-0.240
-0.240
-0.230
-0.230
-0.230
-0.220
-0.200
-0.190
-0.180
-0.190
-0.190
-0.190
-0.190
-0.190
-0.180
-0.170
-0.150
-0.150
-0.140
-0.140
-0.140
-0.150
-0.150
-0.150
-0.150
-0.150
-0.150
-0.140
-0.130
-0.130
-0.110
-0.100
-0.090
-0.080
-0.080
-0.080
-0.060
-0.060
-0.060
-0.060
-0.050
-0.050
-0.050
-0.050
-0.050
-0.050
-0.050
-0.050
-0.040
-0.050
-0.060
-0.050
-0.050
-0.040
-0.030
0.000
0.000
0.000
0.000
0.000
0.030
0.070
0.100
0.130
0.130
0.100
0.080
0.070
0.070
0.070
0.090
0.120
0.170
0.220
0.290
0.340
0.400
0.460
0.500
0.540
0.590
0.650
0.710
0.790
0.860
0.910
0.950
0.970
0.990
1.000
1.030
1.050
1.060
1.090
1.100
1.130
1.150
1.180
1.200
1.230
1.240
1.240
1.250
1.250
1.250
1.250
1.250
1.250
1.250
1.250
1.240
1.240
1.230
1.230
1.210
1.200
1.180
1.170
1.150
1.150
1.150
1.140
1.150
1.150
1.150
1.140
1.130
1.130
1.130
1.130
1.110
1.110
1.090
1.060
1.050
1.030
1.030
1.030
1.030
1.010
1.000
1.000
0.990
0.950
0.940
0.910
0.890
0.860
0.850
0.830
0.830
0.850
0.830
0.830
0.810
0.790
0.770
0.720
0.710
0.700
0.690
0.690
0.690
0.670
0.660
0.650
0.620
0.600
0.570
0.550
0.530
0.520
0.480
0.470
0.460
0.430
0.420
0.380
0.360
0.330
0.300
0.260
0.220
0.190
0.170
0.120
0.100
0.070
0.050
0.030
0.000
-0.050
-0.110
-0.180
-0.250
-0.320
-0.370
-0.430
-0.490
-0.540
-0.620
-0.690
-0.770
-0.850
-0.910
-0.970
-1.040
-1.110
-1.170
-1.210
-1.250
-1.290
-1.300
-1.350
-1.380
-1.390
-1.380
-1.380
-1.400
-1.390
-1.420
-1.380
-1.390
-1.390
-1.380
-1.390
-1.400
-1.420
-1.430
-1.430
-1.430
-1.400
-1.390
-1.380
-1.400
-1.350
-1.340
-1.330
-1.300
-1.280
-1.270
-1.240
-1.240
-1.210
-1.190
-1.180
-1.160
-1.140
-1.110
-1.110
-1.070
-1.050
-1.040
-1.010
-0.990
-0.960
-0.920
-0.880
-0.860
-0.820
-0.800
-0.770
-0.760
-0.720
-0.670
-0.630
-0.580
-0.530
-0.490
-0.480
-0.480
-0.470
-0.470
-0.460
-0.440
-0.430
-0.420
-0.410
-0.380
-0.380
-0.370
-0.370
-0.370
-0.370
-0.360
-0.340
-0.340
-0.330
-0.310
-0.290
-0.280
-0.270
-0.270
-0.270
-0.270
-0.250
-0.240
-0.240
-0.230
-0.230
-0.200
-0.190
-0.180
-0.170
-0.150
-0.150
-0.150
-0.140
-0.140
-0.130
-0.130
-0.110
-0.110
-0.110
-0.110
-0.100
-0.100
-0.100
-0.100
-0.100
-0.100
-0.100
-0.100
-0.100
-0.090
-0.080
-0.060
-0.050
-0.060
-0.060
-0.060
-0.040
0.000
0.040
0.080
0.090
0.080
0.050
0.040
0.000
0.000
0.000
0.000
0.000
0.000
0.000
0.000
0.000
0.000
-0.030
-0.040
-0.040
-0.040
-0.030
0.000
0.000
0.030
0.030
0.030
0.030
0.030
0.030
0.040
0.050
0.080
0.100
0.170
0.220
0.270
0.340
0.420
0.480
0.550
0.590
0.650
0.700
0.760
0.830
0.890
0.930
0.990
1.030
1.060
1.110
1.140
1.170
1.170
1.180
1.180
1.200
1.200
1.210
1.250
1.250
1.250
1.280
1.270
1.280
1.280
1.280
1.290
1.290
1.290
1.290
1.270
1.230
1.210
1.180
1.180
1.170
1.150
1.140
1.130
1.130
1.110
1.100
1.060
1.050
1.030
1.010
1.010
1.010
1.030
1.040
1.040
1.040
1.030
1.000
0.990
0.970
0.970
0.970
0.970
0.990
0.990
0.990
0.990
0.970
0.970
0.950
0.950
0.940
0.930
0.930
0.930
0.930
0.930
0.930
0.910
0.900
0.890
0.870
0.850
0.810
0.790
0.760
0.720
0.710
0.690
0.670
0.650
0.630
0.620
0.570
0.540
0.480
0.440
0.400
0.360
0.300
0.260
0.200
0.130
0.050
-0.030
-0.110
-0.180
-0.260
-0.350
-0.440
-0.520
-0.620
-0.710
-0.820
-0.910
-1.020
-1.140
-1.230
-1.350
-1.430
-1.490
-1.560
-1.590
-1.620
-1.630
-1.610
-1.620
-1.590
-1.580
-1.540
-1.530
-1.490
-1.430
-1.420
-1.370
-1.320
-1.290
-1.270
-1.230
-1.190
-1.170
-1.140
-1.140
-1.110
-1.120
-1.100
-1.100
-1.070
-1.070
-1.060
-1.040
-1.010
-1.000
-1.000
-0.990
-0.970
-0.950
-0.950
-0.940
-0.910
-0.880
-0.870
-0.850
-0.830
-0.820
-0.780
-0.750
-0.710
-0.700
-0.660
-0.660
-0.660
-0.660
-0.660
-0.650
-0.630
-0.610
-0.610
-0.580
-0.570
-0.540
-0.540
-0.530
-0.520
-0.520
-0.520
-0.530
-0.520
-0.510
-0.510
-0.480
-0.470
-0.460
-0.460
-0.440
-0.440
-0.440
-0.430
-0.410
-0.410
-0.380
-0.370
-0.360
-0.330
-0.330
-0.320
-0.310
-0.310
-0.290
-0.290
-0.280
-0.280
-0.280
-0.280
-0.270
-0.270
-0.270
-0.270
-0.250
-0.250
-0.240
-0.240
-0.240
-0.240
-0.240
-0.230
-0.220
-0.200
-0.200
-0.190
-0.190
-0.180
-0.170
-0.130
-0.080
-0.040
0.000
0.000
0.000
-0.040
-0.050
-0.060
-0.080
-0.060
-0.060
-0.060
-0.050
-0.050
-0.050
-0.050
-0.050
-0.050
-0.060
-0.050
-0.050
-0.040
0.000
0.000
0.030
0.050
0.070
0.070
0.090
0.120
0.140
0.190
0.230
0.290
0.340
0.420
0.480
0.550
0.620
0.690
0.720
0.790
0.830
0.870
0.910
0.930
0.940
0.970
0.990
1.000
1.000
1.010
1.010
1.010
1.010
1.030
1.010
1.030
1.040
1.060
1.090
1.110
1.130
1.140
1.140
1.150
1.170
1.180
1.200
1.210
1.180
1.170
1.140
1.130
1.110
1.100
1.130
1.130
1.130
1.130
1.140
1.140
1.140
1.140
1.140
1.130
1.110
1.130
1.130
1.130
1.140
1.130
1.130
1.100
1.090
1.060
1.050
1.030
1.030
1.010
1.010
1.030
1.030
1.030
1.040
1.030
1.050
1.060
1.090
1.060
1.090
1.090
1.100
1.100
1.090
1.060
1.040
1.000
0.970
0.930
0.900
0.860
0.830
0.800
0.770
0.750
0.720
0.720
0.710
0.700
0.690
0.670
0.660
0.630
0.620
0.590
0.570
0.560
0.540
0.520
0.480
0.460
0.430
0.420
0.380
0.370
0.330
0.290
0.240
0.200
0.170
0.130
0.090
0.070
0.030
0.000
0.000
-0.040
-0.050
-0.080
-0.110
-0.150
-0.180
-0.220
-0.280
-0.300
-0.340
-0.370
-0.380
-0.420
-0.440
-0.490
-0.530
-0.580
-0.660
-0.720
-0.800
-0.880
-0.970
-1.070
-1.150
-1.230
-1.280
-1.340
-1.390
-1.430
-1.470
-1.490
-1.500
-1.500
-1.530
-1.530
-1.500
-1.520
-1.480
-1.450
-1.430
-1.430
-1.420
-1.400
-1.390
-1.380
-1.350
-1.330
-1.300
-1.300
-1.290
-1.280
-1.290
-1.320
-1.290
-1.300
-1.300
-1.300
-1.300
-1.290
-1.280
-1.280
-1.250
-1.240
-1.200
-1.210
-1.180
-1.180
-1.150
-1.140
-1.100
-1.090
-1.050
-1.010
-1.000
-0.970
-0.950
-0.920
-0.900
-0.860
-0.820
-0.810
-0.780
-0.750
-0.710
-0.700
-0.660
-0.650
-0.620
-0.620
-0.590
-0.580
-0.570
-0.540
-0.540
-0.530
-0.510
-0.510
-0.510
-0.480
-0.480
-0.470
-0.470
-0.470
-0.460
-0.460
-0.430
-0.420
-0.410
-0.390
-0.380
-0.380
-0.370
-0.340
-0.310
-0.270
-0.230
-0.220
-0.220
-0.240
-0.280
-0.310
-0.320
-0.320
-0.320
-0.320
-0.320
-0.320
-0.310
-0.310
-0.290
-0.310
-0.310
-0.310
-0.310
-0.310
-0.310
-0.310
-0.310
-0.290
-0.280
-0.290
-0.280
-0.290
-0.280
-0.280
-0.250
-0.250
-0.240
-0.240
-0.240
-0.220
-0.200
-0.190
-0.180
-0.170
-0.150
-0.150
-0.140
-0.130
-0.130
-0.110
-0.100
-0.100
-0.100
-0.100
-0.100
-0.090
-0.090
-0.100
-0.100
-0.100
-0.090
-0.080
-0.060
-0.040
-0.030
-0.030
0.000
0.000
0.030
0.080
0.130
0.190
0.220
0.220
0.220
0.190
0.190
0.190
0.220
0.260
0.320
0.400
0.480
0.550
0.620
0.690
0.760
0.810
0.860
0.900
0.940
1.000
1.050
1.100
1.110
1.150
1.150
1.150
1.170
1.180
1.180
1.180
1.210
1.230
1.240
1.270
1.280
1.300
1.300
1.330
1.330
1.340
1.300
1.330
1.330
1.330
1.330
1.300
1.290
1.290
1.270
1.270
1.230
1.210
1.200
1.180
1.150
1.150
1.140
1.170
1.170
1.170
1.170
1.170
1.150
1.140
1.150
1.140
1.140
1.130
1.130
1.100
1.060
1.040
1.030
1.030
1.030
1.030
1.040
1.010
1.010
1.000
0.990
0.970
0.940
0.930
0.910
0.900
0.900
0.900
0.900
0.910
0.900
0.890
0.860
0.830
0.800
0.760
0.750
0.750
0.720
0.720
0.710
0.690
0.670
0.660
0.620
0.600
0.570
0.550
0.530
0.500
0.460
0.420
0.360
0.320
0.260
0.200
0.130
0.070
0.000
-0.080
-0.130
-0.170
-0.200
-0.250
-0.290
-0.330
-0.370
-0.430
-0.500
-0.580
-0.660
-0.720
-0.770
-0.830
-0.880
-0.940
-0.990
-1.050
-1.110
-1.160
-1.190
-1.210
-1.280
-1.280
-1.320
-1.320
-1.350
-1.350
-1.340
-1.350
-1.350
-1.340
-1.330
-1.320
-1.320
-1.290
-1.270
-1.230
-1.200
-1.200
-1.160
-1.150
-1.160
-1.110
-1.100
-1.070
-1.060
-1.040
-1.020
-1.010
-0.970
-0.960
-0.950
-0.920
-0.910
-0.900
-0.880
-0.870
-0.860
-0.860
-0.860
-0.850
-0.850
-0.820
-0.820
-0.810
-0.800
-0.800
-0.800
-0.800
-0.770
-0.770
-0.760
-0.750
-0.730
-0.720
-0.710
-0.700
-0.680
-0.660
-0.610
-0.570
-0.530
-0.510
-0.510
-0.490
-0.510
-0.510
-0.510
-0.510
-0.490
-0.490
-0.490
-0.480
-0.480
-0.480
-0.480
-0.480
-0.490
-0.490
-0.490
-0.480
-0.460
-0.440
-0.430
-0.410
-0.390
-0.390
-0.390
-0.390
-0.390
-0.380
-0.370
-0.360
-0.340
-0.340
-0.320
-0.320
-0.290
-0.280
-0.280
-0.250
-0.250
-0.240
-0.230
-0.200
-0.200
-0.190
-0.180
-0.170
-0.170
-0.150
-0.150
-0.150
-0.150
-0.150
-0.150
-0.140
-0.130
-0.110
-0.100
-0.090
-0.090
-0.090
-0.090
-0.090
-0.060
0.000
0.030
0.070
0.080
0.070
0.070
0.040
0.030
0.030
0.030
0.030
0.040
0.040
0.040
0.040
0.030
0.030
0.000
0.000
0.000
0.000
0.000
0.030
0.040
0.070
0.090
0.090
0.120
0.120
0.140
0.180
0.200
0.240
0.290
0.330
0.370
0.430
0.480
0.540
0.590
0.650
0.670
0.710
0.760
0.800
0.850
0.890
0.930
0.970
1.000
1.050
1.100
1.110
1.140
1.150
1.170
1.180
1.200
1.210
1.240
1.250
1.270
1.280
1.280
1.270
1.250
1.250
1.270
1.270
1.270
1.270
1.240
1.210
1.170
1.170
1.140
1.150
1.140
1.140
1.140
1.140
1.130
1.100
1.090
1.090
1.050
1.050
1.040
1.040
1.050
1.090
1.090
1.100
1.090
1.090
1.060
1.040
1.030
1.030
1.030
1.010
1.030
1.040
1.040
1.030
1.030
1.010
1.010
1.000
0.990
0.970
0.970
0.950
0.950
0.940
0.930
0.910
0.900
0.870
0.830
0.790
0.720
0.690
0.630
0.570
0.550
0.520
0.470
0.460
0.430
0.420
0.380
0.340
0.340
0.330
0.330
0.330
0.320
0.290
0.240
0.220
0.190
0.170
0.140
0.130
0.100
0.080
0.040
0.000
-0.060
-0.130
-0.180
-0.230
-0.290
-0.340
-0.390
-0.440
-0.490
-0.540
-0.590
-0.640
-0.700
-0.760
-0.820
-0.880
-0.970
-1.050
-1.120
-1.190
-1.270
-1.340
-1.400
-1.470
-1.520
-1.560
-1.580
-1.610
-1.630
-1.630
-1.660
-1.660
-1.630
-1.630
-1.630
-1.590
-1.610
-1.570
-1.570
-1.560
-1.520
-1.490
-1.480
-1.440
-1.390
-1.390
-1.350
-1.280
-1.250
-1.210
-1.190
-1.170
-1.140
-1.070
-1.040
-0.990
-0.950
-0.920
-0.880
-0.880
-0.860
-0.850
-0.830
-0.820
-0.800
-0.770
-0.750
-0.720
-0.710
-0.680
-0.680
-0.670
-0.660
-0.650
-0.630
-0.620
-0.620
-0.580
-0.560
-0.540
-0.530
-0.520
-0.510
-0.510
-0.490
-0.480
-0.470
-0.460
-0.440
-0.420
-0.410
-0.380
-0.370
-0.360
-0.340
-0.330
-0.320
-0.310
-0.290
-0.280
-0.270
-0.270
-0.250
-0.240
-0.240
-0.230
-0.230
-0.220
-0.220
-0.220
-0.200
-0.200
-0.190
-0.180
-0.150
-0.150
-0.140
-0.140
-0.140
-0.130
-0.090
-0.050
0.000
0.030
0.040
0.040
0.000
0.000
0.000
-0.030
-0.030
0.000
0.000
0.000
0.000
0.000
0.000
-0.030
-0.040
-0.050
-0.050
-0.050
-0.040
-0.030
0.000
0.000
0.030
0.030
0.030
0.000
0.030
0.040
0.070
0.090
0.130
0.170
0.220
0.260
0.320
0.360
0.400
0.430
0.480
0.530
0.550
0.590
0.620
0.670
0.720
0.770
0.830
0.870
0.910
0.970
1.010
1.030
1.050
1.090
1.100
1.130
1.150
1.200
1.230
1.250
1.250
1.270
1.270
1.280
1.280
1.290
1.300
1.290
1.280
1.250
1.230
1.200
1.200
1.200
1.200
1.200
1.210
1.200
1.200
1.180
1.170
1.150
1.140
1.130
1.130
1.130
1.140
1.150
1.150
1.170
1.170
1.150
1.130
1.090
1.060
1.050
1.040
1.040
1.030
1.010
1.000
0.990
0.990
0.990
0.950
0.950
0.970
0.970
0.990
0.990
0.990
0.970
0.970
0.970
0.970
0.950
0.940
0.910
0.900
0.890
0.860
0.850
0.830
0.800
0.790
0.770
0.750
0.700
0.660
0.600
0.570
0.530
0.480
0.460
0.420
0.370
0.340
0.320
0.300
0.290
0.260
0.230
0.200
0.180
0.140
0.120
0.090
0.050
0.030
0.000
-0.050
-0.090
-0.140
-0.150
-0.190
-0.230
-0.290
-0.370
-0.440
-0.520
-0.590
-0.670
-0.730
-0.800
-0.870
-0.950
-1.020
-1.100
-1.170
-1.240
-1.300
-1.380
-1.430
-1.480
-1.500
-1.570
-1.610
-1.670
-1.680
-1.740
-1.780
-1.820
-1.850
-1.830
-1.820
-1.830
-1.820
-1.810
-1.770
-1.760
-1.720
-1.680
-1.640
-1.640
-1.580
-1.570
-1.490
-1.480
-1.420
-1.370
-1.330
-1.280
-1.200
-1.180
-1.160
-1.110
-1.070
-1.060
-1.020
-0.990
-0.950
-0.920
-0.870
-0.850
-0.820
-0.800
-0.760
-0.750
-0.730
-0.710
-0.700
-0.670
-0.650
-0.620
-0.590
-0.580
-0.570
-0.560
-0.540
-0.530
-0.510
-0.490
-0.490
-0.470
-0.440
-0.430
-0.410
-0.380
-0.370
-0.360
-0.340
-0.330
-0.320
-0.310
-0.310
-0.290
-0.280
-0.280
-0.270
-0.250
-0.250
-0.240
-0.240
-0.230
-0.230
-0.230
-0.240
-0.220
-0.200
-0.190
-0.180
-0.170
-0.170
-0.170
-0.150
-0.130
-0.080
-0.030
0.000
0.000
0.000
0.000
-0.050
-0.050
-0.060
-0.060
-0.060
-0.060
-0.060
-0.060
-0.060
-0.080
-0.080
-0.090
-0.090
-0.090
-0.090
-0.080
-0.060
-0.050
-0.040
-0.040
-0.040
-0.040
-0.050
-0.050
-0.050
-0.050
-0.050
-0.040
-0.040
-0.030
0.000
0.000
0.000
0.000
0.000
0.000
0.000
0.000
0.000
0.000
0.000
0.030
0.040
0.070
0.090
0.130
0.180
0.230
0.290
0.330
0.370
0.440
0.500
0.560
0.630
0.690
0.750
0.790
0.850
0.900
0.970
1.040
1.090
1.130
1.150
1.150
1.150
1.150
1.170
1.180
1.210
1.210
1.210
1.230
1.240
1.230
1.230
1.230
1.210
1.200
1.200
1.180
1.180
1.170
1.170
1.150
1.150
1.140
1.130
1.100
1.090
1.050
1.040
1.030
1.030
1.030
1.030
1.030
1.010
1.000
0.990
0.990
0.970
0.950
0.950
0.950
0.950
0.940
0.930
0.910
0.900
0.890
0.860
0.850
0.810
0.800
0.800
0.800
0.810
0.850
0.870
0.910
0.940
0.970
0.970
0.970
0.970
0.970
0.950
0.940
0.930
0.900
0.870
0.810
0.790
0.760
0.750
0.720
0.700
0.700
0.690
0.690
0.670
0.660
0.660
0.660
0.670
0.670
0.670
0.700
0.700
0.700
0.700
0.690
0.650
0.620
0.590
0.560
0.550
0.540
0.540
0.530
0.500
0.470
0.440
0.400
0.370
0.340
0.300
0.260
0.220
0.180
0.100
0.050
-0.030
-0.100
-0.150
-0.230
-0.300
-0.370
-0.440
-0.500
-0.580
-0.640
-0.720
-0.770
-0.860
-0.940
-1.040
-1.140
-1.240
-1.350
-1.450
-1.530
-1.580
-1.620
-1.660
-1.680
-1.680
-1.680
-1.720
-1.730
-1.720
-1.690
-1.710
-1.710
-1.720
-1.720
-1.690
-1.690
-1.690
-1.660
-1.670
-1.640
-1.630
-1.620
-1.590
-1.540
-1.500
-1.450
-1.440
-1.430
-1.370
-1.340
-1.340
-1.280
-1.240
-1.210
-1.190
-1.160
-1.140
-1.110
-1.070
-1.060
-1.020
-0.990
-0.960
-0.940
-0.910
-0.870
-0.850
-0.820
-0.800
-0.770
-0.750
-0.730
-0.720
-0.700
-0.680
-0.670
-0.670
-0.660
-0.660
-0.650
-0.620
-0.610
-0.590
-0.580
-0.580
-0.580
-0.560
-0.540
-0.510
-0.460
-0.430
-0.420
-0.420
-0.420
-0.430
-0.430
-0.430
-0.420
-0.420
-0.410
-0.410
-0.390
-0.390
-0.380
-0.380
-0.380
-0.380
-0.380
-0.370
-0.360
-0.340
-0.330
-0.320
-0.310
-0.310
-0.310
-0.310
-0.310
-0.310
-0.290
-0.290
-0.280
-0.270
-0.250
-0.250
-0.240
-0.220
-0.200
-0.180
-0.170
-0.150
-0.150
-0.150
-0.140
-0.140
-0.130
-0.130
-0.110
-0.100
-0.100
-0.090
-0.090
-0.090
-0.090
-0.090
-0.090
-0.080
-0.060
-0.050
-0.050
-0.050
-0.050
-0.050
-0.030
0.000
0.070
0.100
0.120
0.120
0.100
0.080
0.070
0.050
0.050
0.040
0.050
0.050
0.050
0.040
0.040
0.030
0.000
0.000
0.000
0.000
0.000
0.040
0.070
0.080
0.080
0.090
0.090
0.080
0.070
0.070
0.070
0.090
0.100
0.130
0.190
0.260
0.360
0.460
0.550
0.630
0.700
0.770
0.850
0.900
0.940
0.990
1.030
1.040
1.060
1.090
1.090
1.090
1.090
1.060
1.090
1.060
1.060
1.090
1.090
1.100
1.100
1.100
1.100
1.100
1.110
1.130
1.150
1.180
1.210
1.210
1.200
1.180
1.170
1.150
1.150
1.150
1.150
1.170
1.170
1.170
1.200
1.200
1.180
1.180
1.180
1.170
1.150
1.170
1.180
1.200
1.210
1.210
1.200
1.200
1.180
1.150
1.150
1.150
1.150
1.150
1.170
1.180
1.200
1.180
1.180
1.170
1.170
1.170
1.150
1.150
1.140
1.140
1.110
1.100
1.090
1.060
1.050
1.050
1.040
1.050
1.050
1.050
1.060
1.060
1.060
1.090
1.090
1.100
1.100
1.060
1.030
0.990
0.940
0.900
0.870
0.830
0.810
0.790
0.760
0.750
0.750
0.760
0.760
0.750
0.760
0.760
0.750
0.750
0.720
0.710
0.710
0.700
0.670
0.660
0.660
0.650
0.630
0.620
0.570
0.530
0.470
0.380
0.300
0.220
0.130
0.070
0.000
-0.080
-0.130
-0.150
-0.190
-0.220
-0.250
-0.290
-0.330
-0.390
-0.440
-0.490
-0.580
-0.660
-0.750
-0.830
-0.950
-1.060
-1.170
-1.270
-1.380
-1.470
-1.500
-1.570
-1.590
-1.620
-1.590
-1.610
-1.610
-1.590
-1.630
-1.640
-1.640
-1.660
-1.640
-1.640
-1.640
-1.660
-1.640
-1.670
-1.710
-1.710
-1.710
-1.690
-1.680
-1.680
-1.660
-1.640
-1.640
-1.620
-1.610
-1.610
-1.580
-1.580
-1.540
-1.520
-1.500
-1.470
-1.450
-1.420
-1.370
-1.350
-1.320
-1.280
-1.250
-1.210
-1.180
-1.160
-1.110
-1.090
-1.040
-0.990
-0.950
-0.920
-0.880
-0.860
-0.830
-0.800
-0.760
-0.750
-0.710
-0.680
-0.670
-0.630
-0.620
-0.610
-0.570
-0.570
-0.540
-0.530
-0.510
-0.480
-0.460
-0.430
-0.390
-0.370
-0.360
-0.340
-0.340
-0.320
-0.280
-0.230
-0.180
-0.140
-0.130
-0.140
-0.140
-0.150
-0.150
-0.150
-0.150
-0.150
-0.150
-0.140
-0.140
-0.130
-0.140
-0.140
-0.140
-0.150
-0.150
-0.150
-0.140
-0.110
-0.110
-0.100
-0.090
-0.090
-0.090
-0.100
-0.110
-0.110
-0.110
-0.110
-0.100
-0.100
-0.090
-0.080
-0.060
-0.060
-0.050
-0.050
-0.040
-0.040
-0.040
-0.050
-0.050
-0.050
-0.050
-0.050
-0.060
-0.060
-0.060
-0.080
-0.080
-0.080
-0.090
-0.090
-0.080
-0.080
-0.060
-0.050
-0.050
-0.060
-0.060
-0.050
-0.030
0.000
0.050
0.080
0.090
0.080
0.050
0.030
0.000
0.000
0.000
0.000
0.030
0.030
0.040
0.070
0.080
0.090
0.100
0.130
0.140
0.190
0.230
0.270
0.330
0.380
0.430
0.470
0.520
0.550
0.590
0.650
0.690
0.720
0.790
0.810
0.860
0.900
0.940
0.990
1.030
1.050
1.090
1.100
1.110
1.130
1.140
1.150
1.170
1.200
1.200
1.200
1.200
1.200
1.180
1.170
1.170
1.150
1.140
1.140
1.140
1.130
1.130
1.110
1.110
1.100
1.100
1.100
1.100
1.100
1.090
1.050
1.030
1.000
0.970
0.950
0.950
0.940
0.940
0.930
0.930
0.930
0.900
0.900
0.890
0.890
0.870
0.890
0.890
0.900
0.900
0.900
0.900
0.890
0.860
0.810
0.790
0.770
0.760
0.760
0.760
0.760
0.750
0.710
0.690
0.660
0.620
0.570
0.530
0.480
0.440
0.380
0.340
0.300
0.260
0.200
0.140
0.090
0.030
-0.040
-0.110
-0.180
-0.250
-0.300
-0.370
-0.390
-0.440
-0.480
-0.500
-0.540
-0.600
-0.670
-0.770
-0.860
-0.940
-1.000
-1.060
-1.110
-1.150
-1.170
-1.200
-1.240
-1.280
-1.290
-1.290
-1.300
-1.320
-1.340
-1.330
-1.320
-1.340
-1.340
-1.330
-1.350
-1.340
-1.340
-1.330
-1.290
-1.280
-1.250
-1.230
-1.230
-1.200
-1.180
-1.160
-1.150
-1.140
-1.120
-1.110
-1.100
-1.070
-1.060
-1.040
-1.000
-1.000
-0.970
-0.960
-0.940
-0.910
-0.880
-0.860
-0.860
-0.850
-0.870
-0.880
-0.920
-0.960
-0.990
-1.010
-1.020
-1.020
-1.040
-1.040
-1.050
-1.040
-0.970
-0.920
-0.870
-0.820
-0.780
-0.750
-0.680
-0.590
-0.510
-0.420
-0.340
-0.280
-0.230
-0.190
-0.170
-0.150
-0.130
-0.100
-0.090
-0.080
-0.080
-0.080
-0.080
-0.090
-0.100
-0.130
-0.140
-0.150
-0.140
-0.130
-0.100
-0.060
0.000
0.030
0.080
0.120
0.180
0.220
0.270
0.320
0.370
0.430
0.470
0.530
0.550
0.590
0.630
0.670
0.700
0.710
0.750
0.770
0.790
0.810
0.850
0.870
0.900
0.910
0.930
0.940
0.940
0.950
0.950
0.970
0.990
0.990
1.000
1.000
1.010
1.000
1.010
1.000
1.000
1.000
1.000
0.990
0.970
0.950
0.940
0.890
0.830
0.760
0.690
0.620
0.550
0.480
0.420
0.340
0.260
0.170
0.070
-0.050
-0.150
-0.250
-0.340
-0.430
-0.490
-0.550
-0.600
-0.670
-0.720
-0.760
-0.800
-0.830
-0.870
-0.880
-0.910
-0.920
-0.940
-0.940
-0.920
-0.920
-0.920
-0.910
-0.900
-0.900
-0.870
-0.870
-0.830
-0.820
-0.800
-0.760
-0.750
-0.730
-0.710
-0.680
-0.660
-0.630
-0.620
-0.590
-0.580
-0.570
-0.530
-0.530
-0.470
-0.470
-0.480
-0.470
-0.470
-0.480
-0.460
-0.420
-0.380
-0.310
-0.250
-0.200
-0.180
-0.150
-0.170
-0.170
-0.180
-0.180
-0.180
-0.180
-0.180
-0.180
-0.170
-0.170
-0.170
-0.150
-0.150
-0.140
-0.110
-0.090
-0.050
0.000
0.050
0.100
0.140
0.190
0.230
0.270
0.330
0.380
0.440
0.500
0.560
0.630
0.690
0.750
0.800
0.860
0.900
0.950
1.010
1.050
1.100
1.150
1.200
1.240
1.290
1.300
1.330
1.330
1.340
1.340
1.330
1.330
1.330
1.340
1.300
1.330
1.340
1.350
1.370
1.380
1.350
1.330
1.300
1.300
1.330
1.350
1.370
1.350
1.340
1.330
1.330
1.330
1.330
1.350
1.380
1.400
1.430
1.440
1.450
1.450
1.480
1.490
1.490
1.490
1.510
1.530
1.550
1.530
1.520
1.510
1.490
1.450
1.400
1.370
1.300
1.280
1.250
1.230
1.210
1.210
1.210
1.210
1.210
1.230
1.230
1.230
1.230
1.230
1.230
1.200
1.180
1.150
1.110
1.050
1.000
0.930
0.850
0.760
0.660
0.570
0.530
0.480
0.440
0.420
0.360
0.300
0.220
0.130
0.070
0.000
-0.090
-0.150
-0.230
-0.320
-0.370
-0.420
-0.450
-0.480
-0.490
-0.500
-0.500
-0.490
-0.490
-0.520
-0.540
-0.590
-0.660
-0.730
-0.850
-0.960
-1.070
-1.190
-1.290
-1.390
-1.470
-1.540
-1.610
-1.660
-1.690
-1.760
-1.760
-1.730
-1.760
-1.730
-1.710
-1.710
-1.690
-1.680
-1.690
-1.690
-1.710
-1.720
-1.740
-1.710
-1.680
-1.680
-1.630
-1.620
-1.580
-1.560
-1.540
-1.520
-1.490
-1.440
-1.430
-1.430
-1.390
-1.380
-1.340
-1.330
-1.300
-1.270
-1.230
-1.200
-1.170
-1.150
-1.140
-1.090
-1.040
-0.970
-0.920
-0.860
-0.850
-0.810
-0.800
-0.770
-0.760
-0.750
-0.720
-0.700
-0.670
-0.670
-0.630
-0.620
-0.610
-0.590
-0.590
-0.590
-0.580
-0.570
-0.560
-0.560
-0.530
-0.520
-0.490
-0.490
-0.490
-0.480
-0.470
-0.470
-0.470
-0.460
-0.460
-0.440
-0.430
-0.420
-0.390
-0.380
-0.370
-0.340
-0.330
-0.320
-0.310
-0.280
-0.280
-0.270
-0.250
-0.240
-0.240
-0.230
-0.220
-0.220
-0.200
-0.200
-0.200
-0.200
-0.200
-0.190
-0.180
-0.150
-0.150
-0.140
-0.140
-0.130
-0.100
-0.060
0.000
0.040
0.080
0.080
0.070
0.050
0.030
0.030
0.000
0.000
0.000
0.000
0.000
0.000
0.000
0.000
0.000
-0.030
-0.040
-0.040
-0.040
-0.040
-0.030
0.000
0.000
0.000
0.000
0.000
0.000
-0.030
-0.030
-0.030
-0.030
-0.030
-0.030
0.000
0.000
0.000
0.000
0.000
0.030
0.030
0.030
0.030
0.030
0.030
0.030
0.030
0.030
0.030
0.000
0.000
0.000
0.000
0.000
0.000
0.000
0.000
0.000
0.030
0.050
0.070
0.090
0.100
0.130
0.190
0.260
0.330
0.400
0.440
0.470
0.480
0.480
0.520
0.540
0.560
0.620
0.660
0.700
0.760
0.790
0.830
0.870
0.910
0.940
0.940
0.970
0.990
1.000
1.030
1.040
1.050
1.060
1.090
1.090
1.060
1.050
1.040
1.040
1.040
1.040
1.050
1.050
1.050
1.060
1.090
1.090
1.090
1.100
1.110
1.130
1.140
1.150
1.170
1.180
1.180
1.180
1.180
1.170
1.170
1.150
1.140
1.140
1.140
1.130
1.140
1.140
1.150
1.170
1.180
1.170
1.170
1.140
1.130
1.110
1.100
1.100
1.060
1.030
1.000
0.950
0.930
0.910
0.890
0.860
0.830
0.790
0.760
0.710
0.670
0.650
0.620
0.590
0.550
0.530
0.500
0.460
0.430
0.400
0.360
0.300
0.240
0.190
0.130
0.080
0.030
0.000
-0.030
-0.040
-0.060
-0.080
-0.110
-0.140
-0.150
-0.200
-0.250
-0.300
-0.350
-0.400
-0.480
-0.530
-0.600
-0.670
-0.750
-0.810
-0.870
-0.950
-1.000
-1.050
-1.090
-1.110
-1.150
-1.160
-1.170
-1.160
-1.170
-1.180
-1.200
-1.180
-1.190
-1.170
-1.150
-1.140
-1.120
-1.110
-1.120
-1.140
-1.150
-1.160
-1.160
-1.160
-1.150
-1.150
-1.140
-1.120
-1.110
-1.090
-1.060
-1.050
-1.050
-1.050
-1.040
-1.010
-1.000
-0.970
-0.970
-0.940
-0.910
-0.910
-0.900
-0.870
-0.860
-0.830
-0.820
-0.800
-0.780
-0.760
-0.720
-0.710
-0.680
-0.660
-0.650
-0.610
-0.590
-0.580
-0.560
-0.540
-0.530
-0.510
-0.490
-0.480
-0.460
-0.440
-0.440
-0.420
-0.420
-0.410
-0.390
-0.380
-0.370
-0.360
-0.320
-0.310
-0.290
-0.280
-0.280
-0.270
-0.220
-0.180
-0.140
-0.100
-0.060
-0.060
-0.080
-0.090
-0.100
-0.100
-0.100
-0.100
-0.100
-0.100
-0.100
-0.100
-0.100
-0.110
-0.110
-0.130
-0.130
-0.130
-0.130
-0.110
-0.090
-0.090
-0.080
-0.060
-0.080
-0.090
-0.100
-0.100
-0.100
-0.110
-0.100
-0.100
-0.090
-0.080
-0.060
-0.060
-0.050
-0.040
-0.040
-0.030
-0.030
-0.030
0.000
0.000
0.000
0.030
0.050
0.090
0.130
0.180
0.200
0.240
0.260
0.290
0.320
0.340
0.370
0.400
0.440
0.460
0.470
0.500
0.540
0.600
0.670
0.750
0.800
0.850
0.870
0.900
0.930
0.950
0.990
1.030
1.050
1.090
1.110
1.140
1.140
1.170
1.170
1.150
1.150
1.150
1.150
1.170
1.170
1.180
1.200
1.200
1.210
1.200
1.180
1.170
1.170
1.170
1.170
1.170
1.180
1.170
1.150
1.150
1.140
1.130
1.130
1.110
1.130
1.130
1.130
1.110
1.110
1.100
1.090
1.090
1.060
1.050
1.040
1.030
1.030
1.010
1.030
1.040
1.050
1.060
1.100
1.100
1.100
1.090
1.060
1.060
1.030
1.010
1.000
0.970
0.930
0.870
0.810
0.760
0.700
0.660
0.620
0.570
0.550
0.530
0.500
0.480
0.470
0.460
0.440
0.430
0.420
0.420
0.420
0.420
0.420
0.380
0.340
0.290
0.230
0.180
0.120
0.080
0.030
0.000
-0.060
-0.100
-0.140
-0.180
-0.230
-0.300
-0.350
-0.400
-0.450
-0.520
-0.590
-0.660
-0.730
-0.820
-0.920
-1.010
-1.100
-1.190
-1.270
-1.340
-1.420
-1.450
-1.520
-1.530
-1.580
-1.570
-1.560
-1.560
-1.580
-1.580
-1.560
-1.580
-1.560
-1.560
-1.520
-1.520
-1.470
-1.440
-1.440
-1.400
-1.400
-1.380
-1.370
-1.330
-1.300
-1.280
-1.270
-1.240
-1.200
-1.160
-1.150
-1.120
-1.100
-1.070
-1.040
-1.020
-1.000
-0.970
-0.920
-0.900
-0.880
-0.860
-0.830
-0.810
-0.800
-0.780
-0.760
-0.750
-0.730
-0.710
-0.700
-0.670
-0.660
-0.630
-0.620
-0.610
-0.580
-0.570
-0.560
-0.540
-0.530
-0.520
-0.510
-0.510
-0.510
-0.510
-0.510
-0.490
-0.510
-0.490
-0.490
-0.480
-0.470
-0.460
-0.440
-0.430
-0.420
-0.420
-0.390
-0.370
-0.320
-0.280
-0.240
-0.220
-0.220
-0.230
-0.240
-0.250
-0.250
-0.250
-0.250
-0.240
-0.240
-0.230
-0.230
-0.220
-0.220
-0.220
-0.220
-0.220
-0.220
-0.200
-0.180
-0.170
-0.150
-0.150
-0.150
-0.150
-0.150
-0.150
-0.150
-0.150
-0.150
-0.140
-0.140
-0.110
-0.110
-0.090
-0.080
-0.060
-0.050
-0.040
-0.030
0.000
0.000
0.000
0.000
0.000
0.030
0.030
0.040
0.040
0.050
0.070
0.070
0.070
0.070
0.080
0.080
0.090
0.100
0.100
0.100
0.100
0.100
0.120
0.170
0.200
0.240
0.260
0.240
0.220
0.190
0.140
0.130
0.100
0.090
0.090
0.080
0.080
0.080
0.080
0.080
0.080
0.090
0.090
0.100
0.130
0.180
0.220
0.270
0.340
0.420
0.470
0.520
0.550
0.590
0.650
0.710
0.760
0.810
0.870
0.910
0.950
0.990
1.030
1.040
1.060
1.090
1.100
1.110
1.130
1.130
1.130
1.130
1.140
1.130
1.130
1.140
1.130
1.130
1.130
1.110
1.100
1.100
1.110
1.130
1.130
1.130
1.110
1.110
1.100
1.100
1.110
1.110
1.110
1.110
1.100
1.090
1.060
1.060
1.050
1.050
1.050
1.050
1.050
1.050
1.050
1.040
1.040
1.030
1.010
1.000
1.010
1.010
1.040
1.040
1.050
1.040
1.030
0.990
0.950
0.930
0.910
0.900
0.900
0.910
0.930
0.940
0.950
0.970
0.950
0.970
0.990
1.000
1.010
1.030
1.030
1.030
1.040
1.030
1.010
1.000
0.970
0.930
0.890
0.860
0.830
0.800
0.800
0.800
0.800
0.810
0.830
0.860
0.850
0.810
0.800
0.770
0.760
0.760
0.760
0.720
0.700
0.690
0.660
0.630
0.600
0.560
0.520
0.460
0.370
0.320
0.260
0.220
0.170
0.120
0.080
0.040
0.000
0.000
0.000
0.000
0.000
-0.040
-0.090
-0.110
-0.170
-0.220
-0.290
-0.350
-0.400
-0.450
-0.500
-0.550
-0.600
-0.650
-0.710
-0.750
-0.780
-0.820
-0.860
-0.900
-0.940
-0.970
-1.000
-1.020
-1.060
-1.090
-1.120
-1.120
-1.160
-1.170
-1.200
-1.210
-1.270
-1.280
-1.320
-1.340
-1.330
-1.350
-1.330
-1.330
-1.340
-1.330
-1.320
-1.280
-1.240
-1.230
-1.200
-1.180
-1.190
-1.180
-1.180
-1.170
-1.160
-1.160
-1.160
-1.140
-1.110
-1.090
-1.060
-1.040
-1.020
-1.010
-1.010
-0.990
-0.970
-0.960
-0.950
-0.920
-0.920
-0.900
-0.900
-0.880
-0.880
-0.870
-0.870
-0.870
-0.860
-0.850
-0.850
-0.820
-0.810
-0.800
-0.800
-0.770
-0.770
-0.770
-0.760
-0.750
-0.730
-0.720
-0.710
-0.710
-0.700
-0.700
-0.700
-0.680
-0.670
-0.660
-0.660
-0.660
-0.650
-0.650
-0.620
-0.620
-0.610
-0.610
-0.590
-0.590
-0.570
-0.540
-0.510
-0.470
-0.440
-0.430
-0.440
-0.460
-0.470
-0.480
-0.480
-0.480
-0.480
-0.470
-0.470
-0.460
-0.460
-0.460
-0.460
-0.460
-0.460
-0.470
-0.470
-0.470
-0.460
-0.440
-0.430
-0.430
-0.430
-0.430
-0.430
-0.430
-0.430
-0.430
-0.430
-0.420
-0.410
-0.390
-0.380
-0.360
-0.340
-0.320
-0.310
-0.290
-0.280
-0.270
-0.250
-0.240
-0.240
-0.230
-0.230
-0.220
-0.220
-0.200
-0.190
-0.180
-0.180
-0.180
-0.180
-0.170
-0.150
-0.150
-0.140
-0.140
-0.140
-0.130
-0.110
-0.080
-0.030
0.030
0.070
0.070
0.050
0.030
0.000
0.000
-0.030
-0.030
-0.030
-0.030
0.000
0.000
0.000
0.000
0.030
0.040
0.050
0.090
0.130
0.180
0.220
0.270
0.320
0.340
0.360
0.380
0.400
0.430
0.460
0.470
0.480
0.500
0.530
0.550
0.570
0.590
0.620
0.650
0.690
0.720
0.760
0.800
0.850
0.890
0.910
0.950
1.000
1.040
1.060
1.090
1.100
1.110
1.110
1.110
1.130
1.140
1.150
1.180
1.210
1.230
1.240
1.250
1.270
1.290
1.300
1.340
1.350
1.350
1.330
1.300
1.280
1.270
1.250
1.240
1.230
1.230
1.210
1.210
1.180
1.200
1.180
1.170
1.150
1.140
1.170
1.200
1.210
1.230
1.230
1.230
1.230
1.200
1.170
1.150
1.130
1.110
1.100
1.100
1.090
1.090
1.090
1.060
1.050
1.050
1.050
1.050
1.050
1.050
1.050
1.040
1.030
1.010
0.990
0.950
0.910
0.890
0.850
0.810
0.770
0.760
0.720
0.700
0.690
0.690
0.670
0.670
0.670
0.650
0.630
0.600
0.600
0.590
0.570
0.570
0.550
0.550
0.540
0.530
0.540
0.540
0.530
0.530
0.500
0.470
0.430
0.400
0.370
0.360
0.330
0.300
0.270
0.230
0.220
0.200
0.190
0.130
0.090
0.070
0.000
-0.050
-0.090
-0.140
-0.150
-0.170
-0.180
-0.190
-0.220
-0.250
-0.280
-0.320
-0.350
-0.380
-0.400
-0.430
-0.450
-0.470
-0.510
-0.540
-0.590
-0.660
-0.720
-0.770
-0.850
-0.900
-0.950
-0.990
-1.020
-1.050
-1.070
-1.100
-1.100
-1.120
-1.120
-1.150
-1.170
-1.180
-1.200
-1.200
-1.210
-1.230
-1.240
-1.240
-1.250
-1.270
-1.290
-1.280
-1.290
-1.270
-1.280
-1.270
-1.230
-1.240
-1.200
-1.170
-1.160
-1.150
-1.120
-1.120
-1.110
-1.110
-1.070
-1.060
-1.050
-1.040
-1.020
-1.010
-0.990
-0.970
-0.960
-0.940
-0.920
-0.910
-0.900
-0.880
-0.860
-0.830
-0.830
-0.820
-0.810
-0.800
-0.780
-0.770
-0.770
-0.760
-0.750
-0.750
-0.720
-0.720
-0.710
-0.700
-0.700
-0.680
-0.680
-0.670
-0.670
-0.660
-0.630
-0.620
-0.610
-0.590
-0.590
-0.590
-0.580
-0.560
-0.520
-0.480
-0.460
-0.440
-0.430
-0.440
-0.470
-0.480
-0.480
-0.490
-0.490
-0.490
-0.490
-0.480
-0.480
-0.480
-0.480
-0.480
-0.480
-0.490
-0.490
-0.490
-0.480
-0.470
-0.460
-0.440
-0.430
-0.430
-0.430
-0.430
-0.430
-0.420
-0.420
-0.410
-0.410
-0.390
-0.380
-0.370
-0.360
-0.340
-0.330
-0.320
-0.290
-0.280
-0.280
-0.280
-0.270
-0.270
-0.250
-0.250
-0.250
-0.250
-0.250
-0.250
-0.250
-0.240
-0.250
-0.250
-0.250
-0.240
-0.250
-0.250
-0.250
-0.270
-0.240
-0.220
-0.180
-0.150
-0.130
-0.100
-0.100
-0.110
-0.110
-0.130
-0.130
-0.130
-0.130
-0.110
-0.110
-0.100
-0.100
-0.090
-0.090
-0.100
-0.100
-0.100
-0.100
-0.090
-0.080
-0.060
-0.060
-0.050
-0.050
-0.050
-0.050
-0.060
-0.050
-0.050
-0.040
-0.040
0.000
0.000
0.030
0.040
0.070
0.080
0.090
0.100
0.120
0.130
0.140
0.170
0.180
0.200
0.220
0.240
0.260
0.290
0.300
0.330
0.360
0.380
0.420
0.440
0.480
0.530
0.560
0.600
0.630
0.660
0.690
0.710
0.770
0.850
0.900
0.940
0.950
0.970
0.990
1.000
1.010
1.030
1.040
1.060
1.090
1.110
1.140
1.150
1.150
1.150
1.150
1.150
1.140
1.150
1.150
1.180
1.180
1.200
1.200
1.200
1.170
1.140
1.130
1.110
1.100
1.110
1.110
1.110
1.110
1.130
1.130
1.140
1.130
1.140
1.150
1.170
1.170
1.170
1.180
1.200
1.180
1.180
1.170
1.150
1.130
1.110
1.090
1.040
1.010
0.990
0.970
0.950
0.950
0.950
0.970
0.970
0.940
0.930
0.910
0.900
0.900
0.900
0.900
0.870
0.860
0.850
0.850
0.860
0.860
0.860
0.850
0.830
0.800
0.770
0.720
0.700
0.670
0.650
0.620
0.600
0.600
0.600
0.620
0.620
0.600
0.590
0.570
0.540
0.520
0.470
0.440
0.400
0.370
0.360
0.330
0.300
0.270
0.230
0.200
0.170
0.120
0.090
0.050
0.030
0.000
0.000
-0.040
-0.080
-0.110
-0.150
-0.190
-0.250
-0.320
-0.370
-0.420
-0.470
-0.500
-0.540
-0.570
-0.580
-0.620
-0.660
-0.710
-0.770
-0.830
-0.880
-0.940
-0.990
-1.040
-1.060
-1.100
-1.140
-1.180
-1.210
-1.250
-1.250
-1.290
-1.290
-1.290
-1.320
-1.320
-1.320
-1.320
-1.300
-1.300
-1.290
-1.280
-1.280
-1.250
-1.250
-1.240
-1.200
-1.200
-1.170
-1.170
-1.140
-1.140
-1.120
-1.140
-1.110
-1.090
-1.070
-1.060
-1.040
-1.020
-0.990
-0.990
-0.960
-0.950
-0.920
-0.920
-0.900
-0.870
-0.870
-0.860
-0.830
-0.820
-0.820
-0.810
-0.810
-0.800
-0.800
-0.780
-0.780
-0.760
-0.730
-0.710
-0.670
-0.660
-0.630
-0.620
-0.620
-0.580
-0.560
-0.520
-0.480
-0.460
-0.440
-0.460
-0.470
-0.480
-0.480
-0.490
-0.490
-0.490
-0.490
-0.480
-0.480
-0.470
-0.470
-0.460
-0.460
-0.460
-0.460
-0.460
-0.460
-0.440
-0.440
-0.440
-0.430
-0.430
-0.440
-0.440
-0.440
-0.430
-0.440
-0.440
-0.430
-0.430
-0.420
-0.410
-0.410
-0.390
-0.380
-0.370
-0.370
-0.360
-0.360
-0.340
-0.330
-0.330
-0.330
-0.320
-0.320
-0.320
-0.310
-0.310
-0.310
-0.310
-0.310
-0.290
-0.290
-0.280
-0.270
-0.240
-0.230
-0.230
-0.220
-0.200
-0.170
-0.130
-0.060
0.000
0.000
0.000
0.000
0.000
0.000
0.000
0.030
0.030
0.040
0.070
0.080
0.090
0.100
0.100
0.100
0.100
0.120
0.120
0.140
0.190
0.240
0.290
0.340
0.400
0.460
0.500
0.540
0.570
0.600
0.650
0.690
0.750
0.790
0.830
0.890
0.930
0.970
1.000
1.030
1.050
1.090
1.100
1.130
1.150
1.170
1.200
1.210
1.230
1.230
1.240
1.230
1.240
1.240
1.230
1.230
1.240
1.240
1.250
1.270
1.270
1.270
1.250
1.270
1.270
1.280
1.290
1.280
1.270
1.250
1.230
1.200
1.180
1.170
1.150
1.170
1.170
1.180
1.170
1.170
1.150
1.140
1.130
1.110
1.100
1.100
1.110
1.130
1.140
1.130
1.110
1.100
1.060
1.040
1.000
0.990
0.970
0.950
0.970
0.950
0.970
0.970
0.970
0.990
0.990
1.000
1.000
0.990
0.970
0.970
0.950
0.930
0.910
0.890
0.850
0.800
0.760
0.710
0.670
0.650
0.630
0.620
0.600
0.590
0.590
0.590
0.570
0.560
0.530
0.480
0.440
0.380
0.360
0.340
0.320
0.300
0.260
0.230
0.200
0.190
0.170
0.140
0.120
0.100
0.070
0.030
-0.030
-0.060
-0.110
-0.170
-0.230
-0.300
-0.370
-0.420
-0.480
-0.550
-0.620
-0.690
-0.780
-0.860
-0.960
-1.060
-1.160
-1.240
-1.330
-1.390
-1.440
-1.500
-1.580
-1.620
-1.660
-1.720
-1.710
-1.720
-1.740
-1.770
-1.760
-1.760
-1.730
-1.720
-1.670
-1.660
-1.630
-1.640
-1.590
-1.570
-1.560
-1.540
-1.500
-1.480
-1.430
-1.380
-1.340
-1.330
-1.280
-1.270
-1.240
-1.210
-1.170
-1.140
-1.090
-1.050
-1.000
-0.960
-0.950
-0.940
-0.920
-0.910
-0.880
-0.860
-0.850
-0.820
-0.810
-0.780
-0.760
-0.760
-0.750
-0.730
-0.720
-0.720
-0.710
-0.680
-0.670
-0.650
-0.630
-0.610
-0.590
-0.580
-0.580
-0.580
-0.570
-0.560
-0.540
-0.530
-0.510
-0.490
-0.470
-0.460
-0.430
-0.410
-0.390
-0.380
-0.360
-0.340
-0.330
-0.320
-0.290
-0.280
-0.270
-0.250
0.000
0.000
0.000
0.000
0.000
0.000
0.000
0.000
0.000
0.000
0.000
0.000
0.000
0.000
0.000
0.000
0.000
0.000
0.000
0.000
0.000
0.000
0.000
0.000
0.000
0.000
0.000
0.000
0.000
0.000
0.000
0.000
0.000
0.000
0.000
0.000
0.000
0.000
0.000
0.000
0.000
0.000
0.000
0.000
0.000
0.000
0.000
0.000
0.000
0.000
0.000
0.000
0.000
0.000
0.000
0.000
0.000
0.000
0.000
0.000
0.000
0.000
0.000
0.000
0.000
0.000
0.000
0.000
0.000
0.000
0.000
0.000
0.000
0.000
0.000
0.000
0.000
0.000
0.000
0.000
0.000
0.000
0.000
0.000
0.000
0.000
0.000
0.000
0.000
0.000
0.000
0.000
0.000
0.000
0.000
0.000
0.000
0.000
0.000
0.000
0.000
0.000
0.000
0.000
0.000
0.000
0.000
0.000
0.000
0.000
0.000
0.000
0.000
0.000
0.000
0.000
0.000
0.000
0.000
0.000
0.000
0.000
0.000
0.000
0.000
0.000
0.000
0.000
0.000
0.000
0.000
0.000
0.000
0.000
0.000
0.000
0.000
0.000
0.000
0.000
0.000
0.000
0.000
0.000
0.000
0.000
0.000
0.000
0.000
0.000
0.000
0.000
0.000
0.000
0.000
0.000
0.000
0.000
0.000
0.000
0.000
0.000
0.000
0.000
0.000
0.000
0.000
0.000
0.000
0.000
0.000
0.000
0.000
0.000
0.000
0.000
0.000
0.000
0.000
0.000
0.000
0.000
0.000
0.000
0.000
0.000
0.000
0.000
0.000
0.000
0.000
0.000
0.000
0.000
0.000
0.000
0.000
0.000
0.000