-0.34
-0.32
-0.32
-0.32
-0.31
-0.31
-0.3
-0.3
-0.3
-0.28
-0.28
-0.27
-0.25
-0.22
-0.21
-0.18
-0.17
-0.16
-0.14
-0.12
-0.09
-0.06
-0.03
0
0.04
0.11
0.18
0.27
0.35
0.44
0.5
0.58
0.68
0.75
0.83
0.88
0.93
0.97
1.02
1.06
1.09
1.11
1.12
1.14
1.16
1.2
1.2
1.22
1.24
1.24
1.22
1.24
1.24
1.24
1.24
1.21
1.21
1.22
1.21
1.22
1.21
1.2
1.17
1.17
1.17
1.17
1.21
1.24
1.26
1.29
1.3
1.29
1.31
1.31
1.31
1.31
1.31
1.3
1.27
1.24
1.24
1.22
1.24
1.22
1.21
1.22
1.24
1.22
1.22
1.2
1.2
1.18
1.18
1.17
1.14
1.09
1.07
1.04
1.02
0.98
0.95
0.94
0.93
0.88
0.85
0.81
0.79
0.74
0.68
0.62
0.55
0.49
0.4
0.34
0.25
0.16
0.11
0.03
-0.04
-0.1
-0.15
-0.17
-0.2
-0.21
-0.22
-0.22
-0.23
-0.26
-0.27
-0.27
-0.27
-0.27
-0.27
-0.28
-0.29
-0.33
-0.36
-0.41
-0.49
-0.57
-0.67
-0.8
-0.93
-1.02
-1.12
-1.2
-1.26
-1.3
-1.33
-1.3
-1.3
-1.3
-1.3
-1.3
-1.3
-1.29
-1.29
-1.26
-1.27
-1.24
-1.2
-1.2
-1.18
-1.17
-1.18
-1.18
-1.17
-1.19
-1.19
-1.17
-1.19
-1.18
-1.16
-1.14
-1.16
-1.16
-1.17
-1.16
-1.16
-1.16
-1.14
-1.13
-1.11
-1.09
-1.07
-1.04
-1.05
-1.03
-1.02
-1.02
-0.99
-0.96
-0.95
-0.93
-0.91
-0.9
-0.87
-0.85
-0.82
-0.82
-0.8
-0.78
-0.76
-0.72
-0.7
-0.68
-0.66
-0.63
-0.63
-0.62
-0.62
-0.62
-0.61
-0.61
-0.58
-0.57
-0.55
-0.53
-0.5
-0.48
-0.45
-0.41
-0.37
-0.32
-0.26
-0.22
-0.18
-0.16
-0.13
-0.08
0
0.04
0.11
0.18
0.23
0.3
0.32
0.36
0.39
0.42
0.44
0.45
0.45
0.45
0.46
0.46
0.46
0.49
0.5
0.5
0.52
0.54
0.55
0.57
0.58
0.58
0.57
0.56
0.54
0.5
0.5
0.49
0.48
0.48
0.48
0.48
0.5
0.52
0.54
0.54
0.52
0.5
0.49
0.48
0.5
0.54
0.58
0.63
0.67
0.68
0.7
0.71
0.71
0.71
0.7
0.7
0.68
0.67
0.67
0.68
0.7
0.7
0.68
0.68
0.7
0.72
0.75
0.76
0.76
0.79
0.8
0.83
0.88
0.94
0.98
1.02
1.04
1.06
1.04
1.04
1.03
1.02
0.99
0.97
0.98
0.98
0.95
0.93
0.91
0.86
0.81
0.75
0.67
0.58
0.5
0.42
0.32
0.22
0.09
0
-0.12
-0.2
-0.28
-0.35
-0.38
-0.42
-0.46
-0.5
-0.53
-0.55
-0.57
-0.58
-0.59
-0.61
-0.62
-0.59
-0.59
-0.58
-0.58
-0.59
-0.62
-0.66
-0.68
-0.7
-0.73
-0.75
-0.76
-0.77
-0.8
-0.81
-0.82
-0.84
-0.82
-0.81
-0.78
-0.77
-0.78
-0.8
-0.84
-0.87
-0.89
-0.93
-0.96
-0.99
-1.05
-1.11
-1.14
-1.17
-1.21
-1.24
-1.25
-1.27
-1.25
-1.24
-1.21
-1.2
-1.18
-1.13
-1.14
-1.13
-1.09
-1.09
-1.07
-1.04
-1.02
-0.99
-0.98
-0.96
-0.95
-0.91
-0.89
-0.86
-0.84
-0.81
-0.78
-0.76
-0.72
-0.68
-0.64
-0.59
-0.53
-0.48
-0.39
-0.31
-0.22
-0.14
-0.04
0.05
0.19
0.31
0.42
0.5
0.57
0.63
0.66
0.67
0.7
0.71
0.72
0.74
0.74
0.75
0.72
0.72
0.74
0.74
0.72
0.7
0.67
0.66
0.62
0.58
0.56
0.55
0.52
0.49
0.46
0.45
0.44
0.42
0.39
0.39
0.39
0.39
0.39
0.37
0.37
0.37
0.37
0.36
0.35
0.35
0.34
0.34
0.32
0.31
0.3
0.27
0.27
0.26
0.25
0.23
0.23
0.22
0.23
0.23
0.23
0.23
0.23
0.23
0.22
0.21
0.19
0.18
0.14
0.11
0.08
0.03
0
-0.05
-0.09
-0.15
-0.18
-0.2
-0.18
-0.16
-0.15
-0.13
-0.1
-0.09
-0.08
-0.05
-0.05
-0.04
-0.04
-0.03
-0.03
-0.03
-0.03
0
0
0
0
0
0
0
0
-0.03
-0.06
-0.12
-0.17
-0.18
-0.17
-0.15
-0.12
-0.09
-0.08
-0.08
-0.08
-0.08
-0.08
-0.06
-0.06
-0.06
-0.05
-0.04
-0.04
-0.04
-0.05
-0.09
-0.16
-0.26
-0.4
-0.54
-0.66
-0.76
-0.8
-0.8
-0.78
-0.75
-0.72
-0.68
-0.63
-0.59
-0.5
-0.4
-0.31
-0.21
-0.15
-0.1
-0.06
-0.04
-0.04
-0.04
-0.03
-0.04
-0.04
-0.03
-0.03
-0.03
-0.03
-0.03
-0.03
-0.04
-0.05
-0.08
-0.09
-0.1
-0.12
-0.13
-0.14
-0.16
-0.18
-0.21
-0.26
-0.3
-0.32
-0.34
-0.34
-0.32
-0.32
-0.3
-0.3
-0.28
-0.26
-0.22
-0.18
-0.15
-0.1
-0.06
-0.03
0.03
0.08
0.14
0.19
0.25
0.3
0.34
0.37
0.4
0.44
0.48
0.5
0.55
0.62
0.71
0.79
0.86
0.95
1.06
1.14
1.18
1.17
1.12
1.06
0.98
0.9
0.79
0.66
0.48
0.31
0.18
0.09
0.09
0.08
0.04
0
0.03
0.03
0
0
-0.03
-0.04
-0.04
-0.03
-0.04
-0.03
-0.03
-0.03
-0.04
-0.04
-0.04
-0.04
-0.03
-0.03
-0.03
-0.03
-0.03
-0.03
0
0
0
0
0
-0.03
-0.03
-0.03
0
0
0
0
0
0
0
0
0.03
0
0
0
0
0
0
0
0
-0.03
0
0
-0.04
-0.04
-0.05
-0.05
-0.05
-0.04
-0.03
0
0
0
0
0
0
0
0
0
-0.03
-0.03
-0.04
-0.03
-0.04
-0.04
-0.04
-0.03
-0.03
0
0
-0.03
0
0
-0.03
-0.03
0
-0.03
-0.04
-0.04
-0.04
-0.04
-0.04
-0.04
-0.04
-0.04
-0.04
-0.04
-0.05
-0.06
-0.08
-0.06
-0.04
0
0
0
0
0
0
0
0
0
0
0
0
0
0
0
0
0
0
0
0
0
-0.14
-0.22
-0.26
-0.22
-0.14
-0.08
-0.03
0
0
0
0
0
0
-0.03
-0.03
0
0
0
0
0
0
-0.03
-0.04
-0.05
-0.06
-0.06
-0.09
-0.1
-0.12
-0.12
-0.12
-0.12
-0.12
-0.1
-0.08
-0.06
-0.05
-0.04
-0.04
-0.04
-0.04
-0.04
-0.03
-0.03
-0.03
0
0
0
0
0
0
-0.04
-0.08
-0.05
-0.04
-0.05
-0.06
-0.05
-0.06
-0.06
-0.08
-0.09
-0.1
-0.12
-0.14
-0.16
-0.17
-0.2
-0.22
-0.27
-0.31
-0.3
-0.22
-0.2
-0.16
-0.15
-0.15
-0.14
-0.13
-0.14
-0.25
-0.25
-0.22
-0.17
-0.13
-0.08
-0.06
-0.05
-0.08
-0.1
-0.14
-0.17
-0.23
-0.27
-0.31
-0.34
-0.36
-0.36
-0.37
-0.39
-0.39
-0.36
-0.34
-0.3
-0.26
-0.21
-0.18
-0.14
-0.09
-0.05
0
0
0
0
0
0
0
0
0
0
0
0
0
0
0
0
0
0
0
0
0
0
0
0
0
0
0
0
0
0
0
0
0
0
0
0
0
0
0
0
0
0
0
0
0
0
0
0
0
0
0
0
0
0
0
0
0
0
0
0
0
0
0
0
0
0.08
0.14
0.25
0.27
0.3
0.3
0.3
0.3
0.3
0.3
0.3
0.3
0.3
0.31
0.31
0.32
0.34
0.34
0.34
0.32
0.31
0.3
0.27
0.27
0.25
0.23
0.22
0.22
0.21
0.21
0.19
0.21
0.19
0.21
0.19
0.21
0.19
0.21
0.21
0.21
0.21
0.19
0.19
0.19
0.19
0.19
0.19
0.18
0.19
0.19
0.18
0.19
0.19
0.19
0.19
0.19
0.19
0.19
0.19
0.18
0.16
0.14
0.12
0.08
0.05
0
0
-0.03
-0.05
-0.09
-0.12
-0.13
-0.13
-0.13
-0.12
-0.05
0.03
0.21
0.42
0.61
0.83
1.02
1.17
1.29
1.36
1.43
1.43
1.43
1.43
1.41
1.39
1.36
1.34
1.3
1.24
1.17
1.07
0.99
0.93
0.85
0.8
0.75
0.72
0.7
0.66
0.62
0.6
0.58
0.56
0.54
0.5
0.46
0.42
0.36
0.34
0.32
0.34
0.35
0.36
0.36
0.37
0.39
0.37
0.36
0.35
0.31
0.26
0.21
0.16
0.12
0.09
0.08
0
-0.06
-0.15
-0.26
-0.37
-0.45
-0.53
-0.58
-0.63
-0.68
-0.7
-0.7
-0.7
-0.68
-0.67
-0.66
-0.63
-0.61
-0.57
-0.5
-0.48
-0.43
-0.39
-0.37
-0.37
-0.37
-0.37
-0.39
-0.4
-0.39
-0.41
-0.44
-0.46
-0.48
-0.46
-0.46
-0.48
-0.48
-0.46
-0.46
-0.46
-0.45
-0.44
-0.43
-0.43
-0.41
-0.4
-0.37
-0.37
-0.36
-0.37
-0.37
-0.37
-0.39
-0.4
-0.4
-0.4
-0.4
-0.39
-0.37
-0.37
-0.37
-0.37
-0.36
-0.37
-0.36
-0.36
-0.37
-0.37
-0.37
-0.37
-0.36
-0.36
-0.36
-0.36
-0.34
-0.34
-0.34
-0.34
-0.32
-0.32
-0.31
-0.28
-0.27
-0.25
-0.21
-0.16
-0.12
-0.05
0
0.09
0.14
0.21
0.23
0.25
0.25
0.23
0.23
0.22
0.19
0.18
0.14
0.12
0.12
0.09
0.08
0.05
0
0
-0.06
-0.09
-0.1
-0.1
-0.1
-0.08
-0.05
-0.03
-0.03
-0.04
-0.05
-0.09
-0.12
-0.13
-0.14
-0.14
-0.13
-0.1
-0.04
0.08
0.21
0.35
0.5
0.63
0.75
0.83
0.85
0.86
0.86
0.88
0.88
0.88
0.88
0.9
0.9
0.88
0.88
0.85
0.84
0.84
0.83
0.83
0.83
0.83
0.83
0.85
0.86
0.86
0.85
0.85
0.84
0.83
0.83
0.83
0.81
0.81
0.81
0.8
0.81
0.81
0.83
0.84
0.86
0.86
0.84
0.83
0.8
0.76
0.72
0.68
0.62
0.57
0.5
0.45
0.37
0.3
0.18
0.05
-0.08
-0.2
-0.33
-0.44
-0.54
-0.64
-0.72
-0.78
-0.81
-0.85
-0.86
-0.87
-0.87
-0.89
-0.9
-0.89
-0.89
-0.86
-0.86
-0.85
-0.84
-0.84
-0.82
-0.81
-0.78
-0.77
-0.76
-0.75
-0.72
-0.72
-0.72
-0.71
-0.71
-0.7
-0.7
-0.7
-0.68
-0.68
-0.68
-0.67
-0.68
-0.67
-0.66
-0.64
-0.63
-0.62
-0.61
-0.58
-0.58
-0.55
-0.54
-0.53
-0.5
-0.48
-0.46
-0.44
-0.4
-0.36
-0.31
-0.26
-0.18
-0.09
0.05
0.21
0.31
0.39
0.46
0.5
0.56
0.61
0.66
0.71
0.79
0.83
0.88
0.93
0.97
1.02
1.04
1.08
1.12
1.16
1.17
1.21
1.2
1.22
1.18
1.14
1.08
1.02
0.95
0.91
0.85
0.83
0.79
0.74
0.72
0.7
0.7
0.7
0.68
0.67
0.67
0.66
0.67
0.68
0.7
0.7
0.71
0.72
0.71
0.71
0.71
0.72
0.71
0.7
0.7
0.68
0.68
0.67
0.67
0.66
0.63
0.62
0.61
0.62
0.61
0.6
0.58
0.56
0.56
0.58
0.62
0.66
0.67
0.68
0.68
0.7
0.71
0.72
0.72
0.74
0.74
0.74
0.74
0.72
0.68
0.66
0.63
0.6
0.58
0.56
0.55
0.54
0.52
0.5
0.48
0.45
0.42
0.39
0.36
0.35
0.31
0.25
0.19
0.13
0.08
0
-0.1
-0.18
-0.27
-0.33
-0.4
-0.45
-0.53
-0.6
-0.68
-0.79
-0.87
-0.96
-1.03
-1.08
-1.11
-1.13
-1.16
-1.16
-1.14
-1.16
-1.17
-1.16
-1.18
-1.2
-1.22
-1.24
-1.27
-1.27
-1.26
-1.27
-1.25
-1.21
-1.24
-1.21
-1.19
-1.18
-1.16
-1.14
-1.13
-1.13
-1.11
-1.09
-1.07
-1.04
-1.03
-1.02
-0.98
-0.96
-0.96
-0.93
-0.93
-0.9
-0.91
-0.9
-0.89
-0.9
-0.89
-0.87
-0.86
-0.85
-0.82
-0.84
-0.81
-0.8
-0.78
-0.77
-0.76
-0.73
-0.73
-0.7
-0.7
-0.67
-0.64
-0.63
-0.62
-0.61
-0.59
-0.59
-0.58
-0.57
-0.55
-0.55
-0.55
-0.54
-0.54
-0.53
-0.52
-0.5
-0.49
-0.48
-0.46
-0.45
-0.44
-0.43
-0.4
-0.4
-0.39
-0.37
-0.35
-0.3
-0.23
-0.17
-0.09
0
0.08
0.14
0.23
0.31
0.39
0.46
0.56
0.67
0.79
0.9
1.02
1.14
1.26
1.35
1.41
1.45
1.47
1.5
1.53
1.53
1.54
1.56
1.54
1.53
1.54
1.56
1.57
1.59
1.58
1.56
1.54
1.53
1.52
1.5
1.45
1.43
1.4
1.41
1.41
1.41
1.41
1.41
1.41
1.4
1.41
1.39
1.39
1.35
1.35
1.33
1.29
1.26
1.21
1.17
1.12
1.07
1.04
1.02
0.99
0.95
0.93
0.93
0.91
0.91
0.9
0.88
0.85
0.85
0.85
0.84
0.83
0.83
0.83
0.81
0.81
0.79
0.71
0.63
0.57
0.49
0.4
0.35
0.3
0.25
0.21
0.14
0.09
0.04
0
-0.05
-0.09
-0.13
-0.16
-0.18
-0.22
-0.23
-0.23
-0.23
-0.26
-0.27
-0.29
-0.32
-0.33
-0.36
-0.37
-0.4
-0.41
-0.43
-0.45
-0.49
-0.52
-0.55
-0.61
-0.66
-0.72
-0.78
-0.85
-0.89
-0.95
-0.99
-1.03
-1.08
-1.11
-1.13
-1.16
-1.21
-1.24
-1.27
-1.3
-1.31
-1.34
-1.34
-1.36
-1.39
-1.39
-1.39
-1.36
-1.34
-1.34
-1.31
-1.27
-1.26
-1.21
-1.18
-1.16
-1.14
-1.11
-1.08
-1.05
-1.03
-1.02
-0.98
-0.98
-0.96
-0.94
-0.94
-0.94
-0.93
-0.91
-0.9
-0.9
-0.91
-0.91
-0.91
-0.9
-0.9
-0.91
-0.93
-0.93
-0.93
-0.91
-0.91
-0.91
-0.9
-0.9
-0.89
-0.89
-0.87
-0.85
-0.82
-0.8
-0.78
-0.76
-0.75
-0.73
-0.71
-0.68
-0.66
-0.63
-0.61
-0.59
-0.59
-0.59
-0.58
-0.59
-0.58
-0.58
-0.57
-0.57
-0.55
-0.54
-0.53
-0.52
-0.49
-0.48
-0.44
-0.41
-0.39
-0.37
-0.37
-0.37
-0.36
-0.35
-0.35
-0.32
-0.32
-0.31
-0.3
-0.28
-0.28
-0.27
-0.26
-0.25
-0.23
-0.23
-0.22
-0.22
-0.22
-0.21
-0.2
-0.17
-0.14
-0.08
0.03
0.21
0.39
0.55
0.7
0.81
0.93
1.04
1.14
1.26
1.34
1.43
1.5
1.56
1.62
1.64
1.68
1.69
1.72
1.73
1.73
1.73
1.72
1.72
1.72
1.72
1.73
1.72
1.71
1.69
1.67
1.64
1.63
1.62
1.63
1.63
1.62
1.58
1.57
1.56
1.52
1.5
1.48
1.45
1.43
1.44
1.44
1.44
1.44
1.41
1.43
1.44
1.47
1.48
1.48
1.47
1.43
1.4
1.36
1.31
1.29
1.24
1.21
1.18
1.17
1.16
1.12
1.12
1.11
1.11
1.09
1.06
1.04
1.02
0.99
0.95
0.91
0.88
0.84
0.81
0.76
0.74
0.7
0.68
0.63
0.6
0.54
0.48
0.39
0.32
0.26
0.22
0.18
0.12
0.05
-0.03
-0.1
-0.16
-0.21
-0.26
-0.28
-0.28
-0.27
-0.26
-0.23
-0.23
-0.21
-0.2
-0.18
-0.18
-0.2
-0.21
-0.22
-0.23
-0.23
-0.22
-0.2
-0.18
-0.2
-0.21
-0.22
-0.25
-0.26
-0.28
-0.34
-0.41
-0.52
-0.63
-0.76
-0.87
-0.96
-1.04
-1.09
-1.13
-1.14
-1.17
-1.16
-1.17
-1.17
-1.17
-1.19
-1.2
-1.24
-1.25
-1.24
-1.26
-1.25
-1.25
-1.24
-1.22
-1.21
-1.2
-1.17
-1.14
-1.11
-1.09
-1.04
-1.02
-1
-0.96
-0.95
-0.94
-0.93
-0.9
-0.9
-0.9
-0.89
-0.86
-0.86
-0.86
-0.85
-0.85
-0.84
-0.84
-0.85
-0.85
-0.84
-0.82
-0.82
-0.81
-0.8
-0.78
-0.77
-0.75
-0.73
-0.73
-0.72
-0.72
-0.72
-0.71
-0.68
-0.68
-0.68
-0.68
-0.68
-0.68
-0.7
-0.7
-0.67
-0.66
-0.63
-0.63
-0.61
-0.59
-0.59
-0.58
-0.55
-0.54
-0.53
-0.53
-0.53
-0.53
-0.52
-0.5
-0.49
-0.48
-0.48
-0.48
-0.48
-0.48
-0.48
-0.48
-0.48
-0.48
-0.46
-0.46
-0.45
-0.44
-0.43
-0.41
-0.43
-0.4
-0.4
-0.39
-0.39
-0.37
-0.36
-0.36
-0.34
-0.34
-0.34
-0.31
-0.31
-0.31
-0.3
-0.28
-0.27
-0.27
-0.26
-0.26
-0.25
-0.21
-0.16
-0.08
0.05
0.22
0.37
0.5
0.6
0.67
0.74
0.8
0.86
0.93
0.99
1.07
1.17
1.27
1.34
1.44
1.47
1.5
1.54
1.54
1.57
1.57
1.56
1.57
1.54
1.53
1.53
1.5
1.48
1.47
1.47
1.45
1.44
1.36
1.34
1.3
1.26
1.22
1.18
1.16
1.16
1.12
1.08
1.06
1.06
1.06
1.07
1.09
1.11
1.11
1.11
1.11
1.09
1.09
1.07
1.03
0.99
0.95
0.91
0.85
0.83
0.79
0.75
0.72
0.7
0.67
0.63
0.61
0.58
0.56
0.54
0.52
0.54
0.55
0.55
0.56
0.57
0.57
0.57
0.56
0.55
0.52
0.48
0.44
0.39
0.36
0.36
0.35
0.35
0.34
0.31
0.3
0.27
0.25
0.23
0.21
0.19
0.16
0.14
0.13
0.12
0.13
0.13
0.12
0.11
0.09
0.08
0.04
0
-0.05
-0.12
-0.2
-0.29
-0.4
-0.51
-0.62
-0.77
-0.92
-1.07
-1.2
-1.31
-1.4
-1.47
-1.52
-1.54
-1.54
-1.56
-1.56
-1.57
-1.57
-1.57
-1.56
-1.54
-1.56
-1.53
-1.52
-1.51
-1.48
-1.48
-1.42
-1.39
-1.36
-1.33
-1.31
-1.27
-1.25
-1.24
-1.19
-1.2
-1.16
-1.14
-1.16
-1.13
-1.12
-1.13
-1.09
-1.08
-1.05
-1.05
-1.03
-1
-0.96
-0.95
-0.91
-0.91
-0.87
-0.89
-0.86
-0.85
-0.81
-0.78
-0.77
-0.76
-0.76
-0.76
-0.75
-0.73
-0.72
-0.71
-0.68
-0.67
-0.67
-0.64
-0.63
-0.63
-0.62
-0.62
-0.61
-0.61
-0.61
-0.59
-0.58
-0.58
-0.57
-0.57
-0.55
-0.54
-0.54
-0.52
-0.5
-0.5
-0.49
-0.49
-0.48
-0.46
-0.45
-0.46
-0.45
-0.45
-0.44
-0.41
-0.4
-0.4
-0.39
-0.4
-0.39
-0.4
-0.4
-0.4
-0.39
-0.39
-0.37
-0.36
-0.35
-0.34
-0.32
-0.31
-0.3
-0.28
-0.27
-0.27
-0.25
-0.23
-0.21
-0.18
-0.16
-0.12
-0.06
0.04
0.14
0.27
0.37
0.48
0.56
0.66
0.75
0.84
0.94
1.04
1.14
1.21
1.29
1.34
1.36
1.43
1.45
1.47
1.48
1.5
1.52
1.52
1.54
1.58
1.59
1.67
1.71
1.81
1.85
1.91
1.9
1.91
1.9
1.9
1.91
1.94
1.96
2.01
2.04
2.06
2.08
2.06
2.05
2.05
2.01
1.95
1.92
1.9
1.88
1.85
1.82
1.73
1.71
1.63
1.57
1.54
1.5
1.48
1.45
1.41
1.35
1.33
1.27
1.24
1.2
1.16
1.09
1.04
0.99
0.94
0.88
0.84
0.76
0.71
0.67
0.6
0.56
0.49
0.42
0.36
0.3
0.22
0.13
0.08
0
-0.06
-0.12
-0.15
-0.17
-0.2
-0.2
-0.18
-0.17
-0.17
-0.17
-0.16
-0.16
-0.16
-0.15
-0.16
-0.18
-0.21
-0.23
-0.26
-0.27
-0.27
-0.28
-0.3
-0.32
-0.34
-0.35
-0.35
-0.35
-0.35
-0.37
-0.41
-0.45
-0.5
-0.59
-0.71
-0.84
-0.99
-1.14
-1.29
-1.4
-1.51
-1.54
-1.56
-1.57
-1.57
-1.53
-1.49
-1.48
-1.44
-1.43
-1.42
-1.39
-1.35
-1.35
-1.34
-1.33
-1.29
-1.25
-1.19
-1.16
-1.09
-1.03
-0.98
-0.96
-0.93
-0.9
-0.87
-0.87
-0.86
-0.86
-0.85
-0.84
-0.84
-0.84
-0.82
-0.81
-0.78
-0.78
-0.76
-0.73
-0.72
-0.72
-0.72
-0.7
-0.71
-0.7
-0.71
-0.7
-0.7
-0.7
-0.71
-0.7
-0.68
-0.67
-0.64
-0.62
-0.61
-0.61
-0.59
-0.59
-0.58
-0.57
-0.55
-0.54
-0.53
-0.52
-0.5
-0.5
-0.49
-0.49
-0.48
-0.46
-0.46
-0.44
-0.44
-0.43
-0.41
-0.4
-0.39
-0.37
-0.37
-0.37
-0.37
-0.36
-0.36
-0.35
-0.35
-0.35
-0.35
-0.35
-0.35
-0.34
-0.34
-0.34
-0.32
-0.31
-0.31
-0.3
-0.28
-0.28
-0.28
-0.27
-0.27
-0.26
-0.23
-0.21
-0.16
-0.08
0.04
0.19
0.35
0.49
0.61
0.74
0.85
0.95
1.03
1.09
1.16
1.2
1.22
1.24
1.26
1.27
1.31
1.34
1.36
1.36
1.36
1.36
1.39
1.4
1.43
1.44
1.47
1.48
1.45
1.44
1.45
1.44
1.41
1.36
1.35
1.31
1.27
1.22
1.21
1.18
1.17
1.16
1.11
1.08
1.06
1.04
1.04
1.02
0.97
0.97
0.94
0.91
0.88
0.88
0.85
0.85
0.84
0.83
0.83
0.81
0.79
0.75
0.74
0.71
0.68
0.66
0.63
0.61
0.6
0.58
0.57
0.56
0.55
0.54
0.52
0.49
0.45
0.42
0.39
0.37
0.34
0.3
0.25
0.23
0.19
0.16
0.14
0.14
0.18
0.21
0.21
0.19
0.19
0.19
0.18
0.16
0.13
0.11
0.05
0
-0.05
-0.08
-0.1
-0.12
-0.12
-0.15
-0.18
-0.22
-0.31
-0.38
-0.49
-0.6
-0.74
-0.89
-1
-1.12
-1.18
-1.21
-1.24
-1.26
-1.27
-1.27
-1.26
-1.27
-1.26
-1.27
-1.29
-1.27
-1.27
-1.26
-1.26
-1.24
-1.21
-1.2
-1.17
-1.16
-1.12
-1.09
-1.07
-1.03
-1.02
-0.96
-0.94
-0.89
-0.87
-0.86
-0.85
-0.84
-0.82
-0.81
-0.82
-0.82
-0.81
-0.81
-0.8
-0.78
-0.77
-0.76
-0.76
-0.76
-0.75
-0.72
-0.71
-0.7
-0.7
-0.68
-0.67
-0.66
-0.63
-0.63
-0.61
-0.59
-0.57
-0.55
-0.55
-0.55
-0.55
-0.54
-0.54
-0.54
-0.54
-0.53
-0.52
-0.5
-0.49
-0.48
-0.46
-0.45
-0.44
-0.44
-0.43
-0.41
-0.41
-0.4
-0.4
-0.39
-0.37
-0.37
-0.36
-0.35
-0.35
-0.34
-0.34
-0.34
-0.35
-0.35
-0.34
-0.34
-0.32
-0.32
-0.32
-0.31
-0.3
-0.3
-0.28
-0.28
-0.27
-0.26
-0.26
-0.25
-0.25
-0.25
-0.23
-0.22
-0.17
-0.14
-0.08
0
0.09
0.19
0.3
0.37
0.46
0.54
0.58
0.66
0.72
0.8
0.85
0.91
0.97
0.99
1.04
1.09
1.16
1.2
1.22
1.27
1.29
1.29
1.3
1.33
1.34
1.36
1.35
1.35
1.36
1.4
1.4
1.41
1.43
1.43
1.43
1.44
1.45
1.47
1.5
1.5
1.5
1.48
1.45
1.44
1.41
1.39
1.35
1.34
1.33
1.31
1.33
1.31
1.29
1.27
1.24
1.22
1.18
1.16
1.12
1.06
1.03
0.97
0.91
0.86
0.81
0.81
0.8
0.83
0.84
0.85
0.85
0.86
0.86
0.85
0.84
0.83
0.81
0.76
0.74
0.7
0.66
0.62
0.58
0.56
0.54
0.49
0.46
0.45
0.44
0.4
0.39
0.36
0.36
0.34
0.32
0.31
0.26
0.21
0.16
0.11
0.08
0.05
0.04
0.03
0.03
0
-0.04
-0.06
-0.1
-0.13
-0.15
-0.15
-0.14
-0.14
-0.13
-0.13
-0.14
-0.14
-0.15
-0.15
-0.16
-0.15
-0.15
-0.15
-0.16
-0.16
-0.16
-0.17
-0.17
-0.18
-0.2
-0.21
-0.26
-0.27
-0.31
-0.35
-0.44
-0.55
-0.7
-0.86
-1.03
-1.18
-1.3
-1.39
-1.47
-1.52
-1.54
-1.54
-1.54
-1.51
-1.51
-1.45
-1.44
-1.44
-1.44
-1.38
-1.38
-1.34
-1.35
-1.34
-1.29
-1.29
-1.24
-1.21
-1.16
-1.13
-1.09
-1.04
-1.02
-0.98
-0.96
-0.94
-0.91
-0.9
-0.89
-0.87
-0.87
-0.87
-0.87
-0.87
-0.87
-0.85
-0.85
-0.84
-0.84
-0.82
-0.81
-0.8
-0.8
-0.8
-0.78
-0.77
-0.76
-0.75
-0.75
-0.73
-0.72
-0.71
-0.71
-0.68
-0.67
-0.64
-0.63
-0.59
-0.59
-0.59
-0.59
-0.58
-0.58
-0.57
-0.55
-0.55
-0.55
-0.55
-0.55
-0.54
-0.54
-0.53
-0.53
-0.53
-0.52
-0.5
-0.5
-0.5
-0.49
-0.48
-0.46
-0.45
-0.45
-0.45
-0.44
-0.44
-0.41
-0.41
-0.41
-0.41
-0.4
-0.39
-0.39
-0.39
-0.37
-0.36
-0.35
-0.35
-0.35
-0.34
-0.32
-0.31
-0.3
-0.27
-0.25
-0.22
-0.17
-0.13
-0.08
0
0.08
0.18
0.3
0.36
0.45
0.54
0.58
0.67
0.72
0.76
0.83
0.9
0.97
1.03
1.07
1.11
1.16
1.18
1.18
1.18
1.17
1.14
1.14
1.17
1.17
1.18
1.21
1.18
1.2
1.21
1.22
1.22
1.22
1.22
1.22
1.21
1.21
1.2
1.2
1.17
1.16
1.14
1.09
1.08
1.06
1.03
1.02
0.99
0.98
0.97
0.95
0.93
0.91
0.9
0.88
0.86
0.85
0.84
0.81
0.8
0.76
0.75
0.74
0.72
0.71
0.68
0.67
0.66
0.66
0.66
0.66
0.66
0.66
0.66
0.66
0.66
0.63
0.63
0.63
0.62
0.61
0.6
0.58
0.56
0.54
0.52
0.5
0.5
0.5
0.5
0.49
0.49
0.49
0.5
0.52
0.54
0.52
0.5
0.48
0.44
0.42
0.39
0.36
0.34
0.3
0.25
0.19
0.13
0.08
0
-0.06
-0.13
-0.18
-0.22
-0.26
-0.28
-0.32
-0.35
-0.4
-0.45
-0.53
-0.59
-0.66
-0.75
-0.82
-0.91
-0.96
-1
-1.04
-1.07
-1.09
-1.09
-1.08
-1.07
-1.08
-1.07
-1.05
-1.07
-1.08
-1.08
-1.09
-1.09
-1.07
-1.08
-1.07
-1.07
-1.07
-1.07
-1.07
-1.07
-1.04
-1.05
-1.03
-1.03
-0.99
-0.98
-0.95
-0.95
-0.95
-0.94
-0.93
-0.93
-0.93
-0.93
-0.93
-0.91
-0.93
-0.93
-0.93
-0.93
-0.91
-0.9
-0.89
-0.87
-0.87
-0.85
-0.84
-0.81
-0.8
-0.78
-0.77
-0.77
-0.75
-0.72
-0.71
-0.7
-0.68
-0.66
-0.66
-0.66
-0.64
-0.63
-0.63
-0.62
-0.62
-0.62
-0.61
-0.61
-0.62
-0.59
-0.59
-0.58
-0.58
-0.58
-0.58
-0.55
-0.54
-0.53
-0.5
-0.48
-0.44
-0.39
-0.35
-0.28
-0.2
-0.09
0.04
0.19
0.26
0.31
0.31
0.27
0.22
0.12
0.05
0
0
-0.04
-0.04
-0.04
-0.04
-0.03
0
0
0
0.03
0.05
0.11
0.18
0.26
0.39
0.5
0.61
0.63
0.7
0.67
0.67
0.66
0.63
0.63
0.63
0.68
0.71
0.72
0.74
0.74
0.74
0.75
0.75
0.76
0.76
0.79
0.79
0.79
0.79
0.79
0.76
0.76
0.76
0.75
0.75
0.76
0.8
0.83
0.85
0.84
0.84
0.83
0.8
0.79
0.76
0.75
0.74
0.71
0.7
0.68
0.67
0.67
0.67
0.66
0.63
0.63
0.66
0.66
0.68
0.71
0.71
0.7
0.7
0.72
0.76
0.8
0.83
0.83
0.83
0.81
0.81
0.81
0.81
0.8
0.8
0.76
0.75
0.74
0.72
0.71
0.7
0.7
0.68
0.67
0.63
0.62
0.61
0.61
0.58
0.56
0.54
0.49
0.46
0.42
0.39
0.36
0.32
0.27
0.23
0.19
0.13
0.09
0.05
0.03
0
-0.03
-0.06
-0.1
-0.13
-0.17
-0.21
-0.26
-0.29
-0.35
-0.41
-0.49
-0.58
-0.67
-0.77
-0.89
-1
-1.11
-1.19
-1.25
-1.3
-1.33
-1.3
-1.31
-1.29
-1.29
-1.29
-1.3
-1.27
-1.26
-1.27
-1.29
-1.29
-1.3
-1.29
-1.29
-1.29
-1.25
-1.25
-1.21
-1.2
-1.18
-1.16
-1.13
-1.08
-1.05
-1.03
-1.03
-1.02
-0.99
-0.96
-0.95
-0.94
-0.93
-0.94
-0.9
-0.89
-0.87
-0.87
-0.84
-0.82
-0.81
-0.78
-0.77
-0.77
-0.75
-0.73
-0.73
-0.72
-0.72
-0.72
-0.71
-0.68
-0.68
-0.7
-0.68
-0.68
-0.67
-0.67
-0.67
-0.66
-0.64
-0.64
-0.63
-0.63
-0.62
-0.62
-0.62
-0.61
-0.59
-0.58
-0.57
-0.55
-0.55
-0.55
-0.55
-0.54
-0.53
-0.52
-0.5
-0.48
-0.48
-0.45
-0.44
-0.44
-0.43
-0.43
-0.41
-0.41
-0.4
-0.4
-0.39
-0.37
-0.37
-0.36
-0.35
-0.35
-0.34
-0.31
-0.3
-0.27
-0.26
-0.26
-0.23
-0.23
-0.21
-0.17
-0.14
-0.08
0
0.08
0.16
0.23
0.31
0.36
0.44
0.5
0.58
0.66
0.71
0.79
0.84
0.9
0.94
0.97
0.99
1.04
1.07
1.11
1.14
1.17
1.2
1.22
1.26
1.27
1.29
1.27
1.27
1.27
1.29
1.3
1.29
1.27
1.27
1.24
1.22
1.22
1.22
1.21
1.21
1.2
1.18
1.16
1.16
1.14
1.14
1.14
1.14
1.14
1.12
1.14
1.14
1.14
1.12
1.09
1.07
1.03
1.03
1.02
0.99
0.97
0.94
0.91
0.88
0.86
0.85
0.85
0.85
0.84
0.84
0.83
0.81
0.8
0.8
0.79
0.76
0.74
0.72
0.7
0.67
0.63
0.6
0.57
0.55
0.5
0.46
0.44
0.4
0.36
0.32
0.3
0.25
0.21
0.16
0.12
0.08
0.05
0.03
0.03
0.04
0.05
0.04
0.04
0.04
0.05
0.08
0.08
0.05
0.03
0
-0.06
-0.14
-0.22
-0.31
-0.4
-0.51
-0.65
-0.8
-0.96
-1.09
-1.19
-1.27
-1.33
-1.4
-1.43
-1.43
-1.44
-1.44
-1.44
-1.43
-1.42
-1.43
-1.4
-1.36
-1.38
-1.36
-1.34
-1.33
-1.31
-1.26
-1.21
-1.17
-1.13
-1.09
-1.07
-1.07
-1.03
-1.02
-1.04
-1.05
-1.05
-1.05
-1.05
-1.05
-1.05
-1.05
-1.07
-1.05
-1.05
-1.04
-1
-0.99
-0.98
-0.95
-0.91
-0.86
-0.86
-0.85
-0.84
-0.81
-0.78
-0.76
-0.72
-0.68
-0.64
-0.62
-0.58
-0.57
-0.55
-0.54
-0.53
-0.53
-0.52
-0.5
-0.49
-0.48
-0.46
-0.45
-0.45
-0.43
-0.43
-0.41
-0.4
-0.4
-0.39
-0.37
-0.37
-0.39
-0.37
-0.37
-0.37
-0.36
-0.36
-0.35
-0.35
-0.34
-0.32
-0.32
-0.31
-0.31
-0.3
-0.3
-0.28
-0.28
-0.27
-0.27
-0.27
-0.26
-0.26
-0.26
-0.26
-0.26
-0.26
-0.26
-0.26
-0.25
-0.23
-0.23
-0.22
-0.21
-0.2
-0.17
-0.14
-0.09
-0.04
0.03
0.11
0.21
0.32
0.46
0.58
0.71
0.83
0.94
1.03
1.11
1.18
1.22
1.29
1.3
1.34
1.35
1.36
1.41
1.45
1.5
1.57
1.59
1.62
1.63
1.64
1.67
1.67
1.68
1.69
1.69
1.68
1.68
1.68
1.67
1.67
1.64
1.64
1.59
1.57
1.56
1.54
1.52
1.5
1.47
1.45
1.41
1.4
1.36
1.34
1.31
1.29
1.22
1.18
1.17
1.16
1.12
1.09
1.07
1.06
0.99
0.95
0.9
0.86
0.8
0.75
0.71
0.7
0.68
0.67
0.63
0.62
0.62
0.6
0.6
0.58
0.55
0.52
0.49
0.45
0.4
0.36
0.32
0.26
0.22
0.18
0.13
0.09
0.08
0.04
0.03
0
0
-0.04
-0.05
-0.05
-0.05
-0.06
-0.08
-0.08
-0.1
-0.12
-0.14
-0.17
-0.21
-0.26
-0.31
-0.35
-0.41
-0.47
-0.54
-0.63
-0.72
-0.81
-0.9
-0.98
-1.03
-1.08
-1.09
-1.14
-1.16
-1.16
-1.17
-1.17
-1.19
-1.19
-1.22
-1.26
-1.26
-1.29
-1.3
-1.29
-1.31
-1.29
-1.27
-1.26
-1.25
-1.22
-1.21
-1.19
-1.17
-1.14
-1.13
-1.12
-1.09
-1.05
-1.03
-1.03
-1.02
-1
-0.98
-0.96
-0.95
-0.95
-0.94
-0.93
-0.93
-0.9
-0.9
-0.91
-0.89
-0.9
-0.89
-0.89
-0.86
-0.86
-0.85
-0.84
-0.82
-0.81
-0.8
-0.78
-0.76
-0.75
-0.73
-0.71
-0.7
-0.68
-0.66
-0.64
-0.63
-0.62
-0.61
-0.59
-0.58
-0.55
-0.55
-0.55
-0.55
-0.55
-0.54
-0.53
-0.53
-0.52
-0.5
-0.5
-0.49
-0.48
-0.48
-0.46
-0.44
-0.43
-0.41
-0.4
-0.39
-0.39
-0.37
-0.37
-0.35
-0.35
-0.34
-0.31
-0.31
-0.31
-0.3
-0.28
-0.27
-0.23
-0.18
-0.13
-0.06
0.03
0.14
0.26
0.37
0.48
0.56
0.63
0.71
0.79
0.85
0.91
0.95
0.99
1.06
1.09
1.14
1.2
1.22
1.27
1.33
1.39
1.45
1.5
1.52
1.52
1.52
1.5
1.5
1.52
1.53
1.5
1.47
1.44
1.4
1.39
1.35
1.33
1.33
1.31
1.29
1.29
1.27
1.26
1.26
1.26
1.24
1.21
1.21
1.17
1.16
1.16
1.17
1.14
1.12
1.09
1.08
1.06
1.03
0.98
0.98
0.94
0.94
0.9
0.86
0.84
0.8
0.79
0.74
0.71
0.68
0.67
0.66
0.63
0.61
0.57
0.56
0.55
0.54
0.54
0.52
0.5
0.48
0.46
0.45
0.44
0.42
0.4
0.39
0.37
0.35
0.31
0.27
0.25
0.21
0.18
0.14
0.14
0.13
0.12
0.11
0.08
0.04
0
-0.03
-0.06
-0.1
-0.13
-0.18
-0.26
-0.32
-0.4
-0.46
-0.55
-0.65
-0.74
-0.84
-0.93
-0.98
-1
-1.05
-1.08
-1.12
-1.13
-1.13
-1.16
-1.18
-1.18
-1.19
-1.21
-1.22
-1.22
-1.21
-1.22
-1.22
-1.21
-1.21
-1.21
-1.19
-1.18
-1.17
-1.13
-1.13
-1.12
-1.11
-1.07
-1.04
-1.02
-1
-0.99
-0.98
-0.95
-0.95
-0.95
-0.93
-0.91
-0.9
-0.89
-0.89
-0.87
-0.86
-0.84
-0.82
-0.81
-0.8
-0.77
-0.77
-0.75
-0.73
-0.73
-0.71
-0.7
-0.68
-0.68
-0.68
-0.67
-0.66
-0.66
-0.64
-0.63
-0.62
-0.62
-0.61
-0.59
-0.57
-0.54
-0.53
-0.53
-0.52
-0.52
-0.52
-0.5
-0.49
-0.46
-0.45
-0.44
-0.41
-0.4
-0.39
-0.39
-0.37
-0.36
-0.35
-0.35
-0.34
-0.32
-0.31
-0.3
-0.3
-0.28
-0.27
-0.26
-0.23
-0.2
-0.17
-0.14
-0.1
-0.06
0
0.04
0.09
0.16
0.21
0.27
0.32
0.39
0.44
0.49
0.55
0.58
0.63
0.7
0.75
0.81
0.86
0.91
0.95
0.99
1.04
1.06
1.07
1.09
1.12
1.16
1.17
1.18
1.18
1.2
1.22
1.21
1.22
1.21
1.2
1.21
1.22
1.24
1.22
1.21
1.2
1.2
1.2
1.21
1.2
1.2
1.18
1.17
1.14
1.11
1.09
1.07
1.06
1.04
1.03
1.03
1.03
1.03
1.03
1.02
0.99
0.97
0.94
0.93
0.91
0.88
0.86
0.86
0.85
0.84
0.84
0.84
0.85
0.86
0.88
0.86
0.85
0.86
0.85
0.84
0.83
0.81
0.79
0.76
0.75
0.74
0.72
0.7
0.68
0.66
0.63
0.61
0.57
0.54
0.5
0.46
0.45
0.42
0.4
0.36
0.32
0.25
0.21
0.16
0.14
0.13
0.12
0.11
0.09
0.09
0.09
0.08
0.08
0.05
0.03
0
0
-0.03
-0.04
-0.04
-0.04
-0.04
-0.06
-0.1
-0.15
-0.22
-0.31
-0.4
-0.5
-0.64
-0.8
-0.96
-1.08
-1.19
-1.27
-1.35
-1.4
-1.42
-1.42
-1.42
-1.42
-1.42
-1.42
-1.42
-1.44
-1.44
-1.43
-1.43
-1.44
-1.42
-1.42
-1.39
-1.36
-1.34
-1.36
-1.29
-1.27
-1.25
-1.22
-1.2
-1.17
-1.14
-1.12
-1.12
-1.09
-1.09
-1.07
-1.07
-1.07
-1.04
-1.03
-1.02
-1.03
-1.03
-1.04
-1.02
-1.03
-1.02
-0.99
-0.98
-0.96
-0.94
-0.94
-0.91
-0.91
-0.87
-0.86
-0.84
-0.84
-0.81
-0.81
-0.8
-0.78
-0.77
-0.76
-0.75
-0.73
-0.72
-0.71
-0.7
-0.67
-0.67
-0.66
-0.64
-0.64
-0.62
-0.62
-0.61
-0.59
-0.59
-0.58
-0.58
-0.55
-0.54
-0.52
-0.5
-0.48
-0.45
-0.44
-0.41
-0.39
-0.36
-0.35
-0.32
-0.31
-0.28
-0.26
-0.21
-0.17
-0.13
-0.08
0
0.05
0.12
0.18
0.25
0.34
0.42
0.48
0.52
0.54
0.55
0.55
0.55
0.55
0.56
0.56
0.56
0.57
0.57
0.57
0.57
0.57
0.58
0.6
0.62
0.66
0.7
0.74
0.8
0.84
0.88
0.94
0.97
0.99
1.02
1.02
1.03
1.02
0.97
0.95
0.94
0.94
0.95
0.97
0.98
0.99
0.99
1.02
1.03
1.04
1.07
1.09
1.11
1.11
1.11
1.12
1.14
1.14
1.17
1.12
1.12
1.12
1.11
1.09
1.09
1.08
1.07
1.04
1.03
0.99
0.97
0.94
0.9
0.88
0.86
0.85
0.84
0.84
0.83
0.8
0.8
0.79
0.75
0.74
0.72
0.72
0.7
0.68
0.66
0.66
0.66
0.66
0.66
0.63
0.62
0.61
0.62
0.61
0.61
0.6
0.56
0.54
0.52
0.5
0.5
0.5
0.5
0.5
0.52
0.52
0.52
0.52
0.5
0.5
0.49
0.49
0.48
0.45
0.42
0.39
0.36
0.34
0.31
0.27
0.26
0.23
0.22
0.19
0.18
0.13
0.09
0.04
-0.04
-0.12
-0.16
-0.2
-0.22
-0.26
-0.27
-0.29
-0.31
-0.33
-0.35
-0.37
-0.4
-0.46
-0.53
-0.59
-0.68
-0.78
-0.87
-0.94
-1
-1.05
-1.09
-1.12
-1.14
-1.17
-1.18
-1.2
-1.22
-1.22
-1.24
-1.22
-1.24
-1.24
-1.2
-1.2
-1.19
-1.18
-1.17
-1.14
-1.11
-1.09
-1.08
-1.05
-1.04
-1.03
-1.02
-1
-1
-0.96
-0.96
-0.95
-0.93
-0.93
-0.93
-0.9
-0.9
-0.9
-0.89
-0.87
-0.86
-0.85
-0.85
-0.84
-0.82
-0.81
-0.78
-0.76
-0.75
-0.73
-0.72
-0.7
-0.68
-0.67
-0.67
-0.64
-0.63
-0.61
-0.59
-0.58
-0.58
-0.58
-0.57
-0.57
-0.55
-0.55
-0.54
-0.54
-0.53
-0.52
-0.5
-0.48
-0.46
-0.45
-0.44
-0.43
-0.41
-0.41
-0.4
-0.39
-0.37
-0.37
-0.36
-0.35
-0.34
-0.32
-0.31
-0.31
-0.3
-0.28
-0.28
-0.27
-0.27
-0.26
-0.26
-0.25
-0.23
-0.21
-0.2
-0.17
-0.15
-0.14
-0.12
-0.09
-0.06
-0.03
0.04
0.11
0.19
0.26
0.34
0.4
0.48
0.55
0.61
0.66
0.71
0.75
0.81
0.85
0.9
0.93
0.95
0.98
1.03
1.07
1.12
1.16
1.18
1.18
1.21
1.21
1.22
1.26
1.29
1.3
1.3
1.29
1.29
1.27
1.27
1.27
1.26
1.27
1.27
1.26
1.26
1.27
1.27
1.27
1.26
1.27
1.24
1.24
1.21
1.18
1.17
1.14
1.11
1.09
1.08
1.08
1.06
1.04
1.02
0.99
0.99
0.98
0.98
0.97
0.94
0.93
0.91
0.9
0.86
0.86
0.84
0.83
0.81
0.79
0.76
0.72
0.7
0.66
0.61
0.58
0.56
0.54
0.5
0.48
0.45
0.39
0.36
0.34
0.32
0.32
0.31
0.27
0.26
0.25
0.25
0.22
0.19
0.16
0.13
0.09
0.08
0.04
0
0
0
0
-0.03
-0.04
-0.05
-0.08
-0.1
-0.14
-0.18
-0.26
-0.32
-0.38
-0.45
-0.54
-0.65
-0.78
-0.89
-1
-1.09
-1.17
-1.22
-1.29
-1.35
-1.36
-1.38
-1.4
-1.4
-1.39
-1.38
-1.38
-1.36
-1.35
-1.36
-1.33
-1.31
-1.31
-1.27
-1.26
-1.25
-1.24
-1.2
-1.18
-1.17
-1.14
-1.11
-1.05
-1.02
-0.96
-0.94
-0.91
-0.9
-0.89
-0.9
-0.91
-0.91
-0.91
-0.91
-0.91
-0.91
-0.93
-0.91
-0.89
-0.89
-0.86
-0.84
-0.8
-0.77
-0.72
-0.64
-0.57
-0.46
-0.37
-0.28
-0.18
-0.09
0
0.03
0.03
0
0
0
0
0
0
0
0
0
0
0
0
0
0
0
0
0.04
0.14
0.23
0.35
0.45
0.5
0.6
0.63
0.67
0.68
0.7
0.68
0.67
0.61
0.6
0.58
0.58
0.58
0.58
0.58
0.6
0.61
0.62
0.66
0.68
0.71
0.72
0.72
0.71
0.7
0.67
0.63
0.6
0.56
0.5
0.44
0.34
0.25
0.13
0.05
-0.03
-0.09
-0.15
-0.16
-0.16
-0.13
-0.09
-0.05
-0.04
0
0
0
0
0
-0.03
0
0
0
0
0
0
0
0
0
0
0
0
-0.03
-0.03
-0.04
-0.04
-0.03
-0.03
0
0
0
0
0
0
0
0
0
-0.03
-0.03
-0.03
-0.04
-0.03
-0.03
-0.03
0
-0.03
-0.03
-0.03
0
0
0
0
0
0
0
0
0
0
0
0
0
0
0.03
0
0
0
0
0
0
0
0
0.03
0.04
0.05
0.08
0.05
0.03
-0.03
-0.05
-0.09
-0.12
-0.12
-0.12
-0.13
-0.13
-0.14
-0.15
-0.15
-0.15
-0.16
-0.14
-0.1
-0.05
0.05
0.27
0.49
0.63
0.76
0.86
0.94
0.99
1.06
1.11
1.21
1.3
1.35
1.45
1.48
1.56
1.59
1.64
1.67
1.69
1.68
1.68
1.64
1.62
1.57
1.53
1.5
1.47
1.41
1.36
1.31
1.27
1.22
1.18
1.11
1.07
1.02
0.93
0.83
0.8
0.74
0.7
0.68
0.63
0.61
0.56
0.54
0.48
0.44
0.37
0.35
0.31
0.26
0.21
0.14
0.08
0.04
0
-0.04
-0.08
-0.12
-0.15
-0.2
-0.22
-0.26
-0.26
-0.26
-0.26
-0.26
-0.27
-0.28
-0.32
-0.37
-0.45
-0.53
-0.63
-0.77
-0.91
-1.08
-1.21
-1.33
-1.43
-1.52
-1.57
-1.61
-1.61
-1.6
-1.57
-1.53
-1.52
-1.54
-1.52
-1.51
-1.52
-1.51
-1.52
-1.51
-1.51
-1.54
-1.53
-1.51
-1.48
-1.47
-1.39
-1.36
-1.34
-1.3
-1.27
-1.26
-1.24
-1.22
-1.21
-1.19
-1.18
-1.18
-1.14
-1.12
-1.09
-1.09
-1.08
-1.07
-1.04
-1.03
-0.99
-0.98
-0.95
-0.93
-0.9
-0.89
-0.86
-0.84
-0.81
-0.8
-0.78
-0.78
-0.78
-0.77
-0.76
-0.73
-0.73
-0.72
-0.71
-0.71
-0.68
-0.67
-0.64
-0.63
-0.61
-0.59
-0.57
-0.54
-0.53
-0.5
-0.45
-0.41
-0.37
-0.36
-0.35
-0.35
-0.34
-0.32
-0.31
-0.28
-0.25
-0.21
-0.16
-0.12
-0.05
0
0.04
0.08
0.09
0.12
0.13
0.14
0.18
0.21
0.22
0.23
0.25
0.27
0.31
0.36
0.42
0.48
0.54
0.58
0.63
0.7
0.74
0.8
0.88
0.97
1.04
1.12
1.18
1.24
1.27
1.3
1.33
1.34
1.35
1.36
1.36
1.35
1.36
1.35
1.4
1.44
1.45
1.47
1.5
1.48
1.45
1.43
1.39
1.36
1.33
1.3
1.27
1.24
1.2
1.18
1.16
1.12
1.09
1.07
1.04
1.03
1.02
0.99
0.98
0.97
0.95
0.95
0.93
0.91
0.88
0.86
0.84
0.83
0.8
0.79
0.75
0.75
0.72
0.7
0.68
0.63
0.61
0.6
0.58
0.55
0.54
0.52
0.5
0.49
0.48
0.46
0.44
0.42
0.39
0.36
0.35
0.32
0.3
0.26
0.22
0.21
0.18
0.16
0.13
0.11
0.09
0.05
0.03
0
0
-0.03
-0.05
-0.1
-0.14
-0.18
-0.22
-0.28
-0.33
-0.38
-0.46
-0.55
-0.65
-0.74
-0.84
-0.94
-1.03
-1.12
-1.18
-1.22
-1.27
-1.29
-1.29
-1.3
-1.3
-1.31
-1.3
-1.31
-1.31
-1.34
-1.35
-1.34
-1.36
-1.35
-1.38
-1.36
-1.36
-1.36
-1.36
-1.33
-1.3
-1.26
-1.21
-1.18
-1.14
-1.11
-1.07
-1.05
-1.02
-1
-0.99
-0.94
-0.93
-0.93
-0.91
-0.89
-0.87
-0.87
-0.86
-0.85
-0.82
-0.81
-0.78
-0.75
-0.73
-0.71
-0.68
-0.67
-0.64
-0.62
-0.61
-0.59
-0.58
-0.57
-0.57
-0.55
-0.54
-0.54
-0.53
-0.52
-0.5
-0.48
-0.46
-0.48
-0.46
-0.45
-0.45
-0.44
-0.43
-0.41
-0.4
-0.4
-0.37
-0.37
-0.36
-0.35
-0.34
-0.34
-0.32
-0.32
-0.31
-0.31
-0.3
-0.28
-0.28
-0.27
-0.27
-0.26
-0.25
-0.22
-0.21
-0.18
-0.18
-0.16
-0.15
-0.13
-0.09
-0.06
0
0.04
0.09
0.14
0.21
0.26
0.34
0.4
0.46
0.52
0.56
0.58
0.62
0.66
0.67
0.7
0.72
0.74
0.75
0.76
0.8
0.83
0.85
0.88
0.93
0.94
0.95
0.97
0.98
0.98
0.97
0.95
0.97
0.99
1.02
1.02
0.99
0.97
0.95
0.95
0.95
0.94
0.94
0.95
0.95
0.95
0.95
0.94
0.93
0.91
0.88
0.86
0.85
0.84
0.83
0.81
0.81
0.79
0.76
0.75
0.72
0.71
0.7
0.7
0.67
0.67
0.66
0.63
0.62
0.61
0.61
0.61
0.61
0.61
0.62
0.62
0.63
0.66
0.66
0.67
0.66
0.66
0.66
0.66
0.66
0.62
0.61
0.58
0.56
0.55
0.54
0.5
0.48
0.48
0.45
0.44
0.44
0.42
0.4
0.37
0.34
0.31
0.26
0.26
0.26
0.26
0.25
0.22
0.21
0.22
0.22
0.22
0.19
0.14
0.09
0
-0.12
-0.23
-0.37
-0.5
-0.64
-0.8
-0.96
-1.08
-1.2
-1.29
-1.35
-1.43
-1.49
-1.52
-1.52
-1.53
-1.51
-1.48
-1.49
-1.47
-1.47
-1.45
-1.44
-1.39
-1.39
-1.4
-1.33
-1.31
-1.29
-1.21
-1.19
-1.17
-1.13
-1.09
-1.05
-1
-0.96
-0.94
-0.94
-0.93
-0.91
-0.91
-0.9
-0.9
-0.91
-0.91
-0.93
-0.91
-0.9
-0.9
-0.9
-0.89
-0.89
-0.87
-0.86
-0.84
-0.81
-0.81
-0.78
-0.8
-0.8
-0.78
-0.77
-0.75
-0.75
-0.72
-0.71
-0.7
-0.68
-0.66
-0.64
-0.62
-0.61
-0.59
-0.57
-0.55
-0.54
-0.54
-0.52
-0.49
-0.48
-0.45
-0.43
-0.4
-0.36
-0.32
-0.28
-0.25
-0.18
-0.13
-0.05
0.04
0.14
0.25
0.34
0.4
0.46
0.5
0.55
0.57
0.6
0.61
0.62
0.63
0.63
0.63
0.67
0.7
0.74
0.76
0.8
0.83
0.85
0.88
0.91
0.95
0.98
0.99
1.03
1.04
1.04
1.04
1.04
1.06
1.06
1.06
1.06
1.07
1.08
1.07
1.08
1.09
1.11
1.11
1.11
1.11
1.12
1.11
1.11
1.09
1.09
1.09
1.09
1.09
1.07
1.07
1.04
1.03
1.03
0.99
0.95
0.93
0.9
0.9
0.88
0.86
0.84
0.81
0.79
0.75
0.74
0.72
0.71
0.7
0.68
0.67
0.67
0.66
0.62
0.61
0.6
0.57
0.56
0.54
0.54
0.5
0.49
0.49
0.46
0.45
0.45
0.44
0.42
0.4
0.39
0.37
0.36
0.36
0.36
0.36
0.35
0.32
0.31
0.31
0.3
0.3
0.3
0.26
0.25
0.22
0.22
0.22
0.23
0.23
0.22
0.21
0.18
0.14
0.14
0.13
0.11
0.08
0.04
0
-0.05
-0.13
-0.21
-0.29
-0.38
-0.49
-0.58
-0.67
-0.79
-0.9
-1.02
-1.12
-1.19
-1.26
-1.3
-1.36
-1.36
-1.4
-1.4
-1.4
-1.38
-1.38
-1.39
-1.38
-1.36
-1.34
-1.33
-1.33
-1.27
-1.26
-1.27
-1.24
-1.24
-1.2
-1.17
-1.13
-1.11
-1.08
-1.05
-1.04
-1
-0.98
-0.98
-0.96
-0.94
-0.93
-0.91
-0.93
-0.9
-0.91
-0.93
-0.93
-0.93
-0.93
-0.91
-0.93
-0.9
-0.89
-0.87
-0.86
-0.84
-0.82
-0.81
-0.8
-0.77
-0.75
-0.73
-0.72
-0.7
-0.68
-0.68
-0.66
-0.66
-0.64
-0.63
-0.63
-0.62
-0.62
-0.62
-0.61
-0.61
-0.61
-0.59
-0.58
-0.57
-0.55
-0.54
-0.52
-0.52
-0.5
-0.48
-0.48
-0.46
-0.44
-0.44
-0.41
-0.41
-0.4
-0.39
-0.39
-0.39
-0.39
-0.36
-0.35
-0.31
-0.27
-0.22
-0.16
-0.09
0
0.12
0.23
0.34
0.45
0.56
0.62
0.7
0.74
0.76
0.81
0.83
0.85
0.85
0.86
0.86
0.88
0.9
0.91
0.94
0.95
0.99
1.03
1.06
1.08
1.12
1.17
1.18
1.24
1.29
1.33
1.34
1.39
1.39
1.4
1.41
1.41
1.43
1.4
1.41
1.4
1.4
1.4
1.39
1.41
1.41
1.41
1.41
1.41
1.4
1.39
1.34
1.31
1.27
1.24
1.22
1.22
1.21
1.2
1.18
1.17
1.16
1.16
1.14
1.12
1.12
1.09
1.09
1.08
1.07
1.04
1.02
0.97
0.94
0.91
0.9
0.88
0.9
0.88
0.86
0.88
0.9
0.88
0.86
0.86
0.83
0.81
0.79
0.75
0.74
0.71
0.7
0.66
0.62
0.58
0.56
0.52
0.48
0.44
0.39
0.35
0.3
0.25
0.21
0.14
0.09
0.05
0
-0.03
-0.05
-0.08
-0.09
-0.1
-0.12
-0.14
-0.17
-0.22
-0.28
-0.35
-0.4
-0.46
-0.53
-0.62
-0.72
-0.82
-0.94
-1.04
-1.13
-1.2
-1.26
-1.34
-1.36
-1.42
-1.42
-1.43
-1.43
-1.43
-1.42
-1.42
-1.4
-1.39
-1.35
-1.34
-1.31
-1.31
-1.31
-1.31
-1.3
-1.31
-1.29
-1.29
-1.29
-1.3
-1.29
-1.27
-1.27
-1.27
-1.24
-1.22
-1.21
-1.19
-1.18
-1.14
-1.13
-1.12
-1.09
-1.07
-1.05
-1.04
-1
-0.99
-0.98
-0.95
-0.95
-0.94
-0.9
-0.9
-0.87
-0.82
-0.81
-0.8
-0.77
-0.76
-0.76
-0.76
-0.75
-0.76
-0.76
-0.75
-0.73
-0.72
-0.72
-0.68
-0.67
-0.64
-0.63
-0.62
-0.61
-0.59
-0.58
-0.57
-0.55
-0.54
-0.52
-0.52
-0.5
-0.5
-0.48
-0.46
-0.44
-0.43
-0.41
-0.4
-0.4
-0.4
-0.39
-0.39
-0.37
-0.36
-0.35
-0.35
-0.32
-0.31
-0.3
-0.27
-0.25
-0.2
-0.14
-0.05
0.08
0.22
0.35
0.45
0.54
0.58
0.66
0.74
0.81
0.86
0.93
0.98
1.03
1.07
1.11
1.12
1.16
1.2
1.21
1.26
1.3
1.31
1.35
1.36
1.39
1.39
1.39
1.39
1.39
1.43
1.44
1.48
1.5
1.53
1.53
1.53
1.53
1.52
1.54
1.52
1.52
1.5
1.52
1.53
1.53
1.54
1.54
1.53
1.53
1.54
1.53
1.52
1.53
1.5
1.48
1.5
1.52
1.54
1.52
1.5
1.47
1.44
1.41
1.4
1.41
1.44
1.41
1.41
1.41
1.4
1.4
1.39
1.35
1.31
1.29
1.26
1.21
1.17
1.14
1.12
1.08
1.04
0.99
0.95
0.94
0.91
0.88
0.84
0.81
0.76
0.72
0.7
0.63
0.6
0.56
0.54
0.5
0.48
0.45
0.4
0.36
0.34
0.31
0.27
0.25
0.21
0.14
0.08
0
-0.05
-0.1
-0.13
-0.15
-0.18
-0.22
-0.28
-0.32
-0.33
-0.33
-0.33
-0.36
-0.4
-0.47
-0.56
-0.7
-0.86
-1.03
-1.19
-1.31
-1.42
-1.52
-1.57
-1.58
-1.57
-1.56
-1.53
-1.51
-1.49
-1.44
-1.44
-1.44
-1.44
-1.44
-1.43
-1.43
-1.44
-1.47
-1.44
-1.43
-1.42
-1.4
-1.39
-1.34
-1.33
-1.3
-1.25
-1.25
-1.21
-1.2
-1.18
-1.16
-1.14
-1.13
-1.11
-1.09
-1.08
-1.07
-1.05
-1.04
-1.05
-1.05
-1.05
-1.04
-1.03
-1.03
-1.04
-1.02
-1.03
-1.02
-1
-0.99
-1
-0.98
-0.95
-0.94
-0.91
-0.89
-0.89
-0.89
-0.89
-0.87
-0.86
-0.85
-0.85
-0.82
-0.81
-0.8
-0.8
-0.78
-0.78
-0.77
-0.76
-0.75
-0.73
-0.72
-0.71
-0.68
-0.67
-0.66
-0.64
-0.63
-0.62
-0.59
-0.58
-0.55
-0.53
-0.49
-0.45
-0.4
-0.34
-0.26
-0.16
-0.04
0.12
0.31
0.48
0.61
0.72
0.83
0.91
0.98
1.03
1.07
1.11
1.14
1.14
1.14
1.14
1.16
1.17
1.17
1.2
1.21
1.24
1.26
1.29
1.3
1.3
1.33
1.31
1.31
1.33
1.33
1.35
1.39
1.39
1.39
1.35
1.36
1.35
1.35
1.35
1.35
1.35
1.34
1.31
1.29
1.26
1.22
1.22
1.24
1.24
1.21
1.21
1.18
1.18
1.16
1.14
1.11
1.08
1.07
1.06
1.04
1.04
1.04
1.03
1.03
0.99
0.98
0.98
0.94
0.94
0.91
0.9
0.86
0.84
0.8
0.75
0.72
0.68
0.66
0.63
0.61
0.58
0.56
0.54
0.49
0.45
0.42
0.37
0.34
0.27
0.22
0.19
0.16
0.12
0.09
0.04
0
-0.03
-0.06
-0.09
-0.12
-0.13
-0.14
-0.13
-0.13
-0.1
-0.08
-0.08
-0.06
-0.06
-0.08
-0.09
-0.12
-0.15
-0.2
-0.26
-0.32
-0.41
-0.51
-0.64
-0.77
-0.93
-1.07
-1.19
-1.29
-1.35
-1.44
-1.47
-1.47
-1.48
-1.49
-1.45
-1.43
-1.4
-1.38
-1.35
-1.35
-1.3
-1.27
-1.25
-1.22
-1.22
-1.19
-1.17
-1.14
-1.13
-1.11
-1.09
-1.07
-1.04
-1.03
-1.02
-1
-0.99
-0.99
-0.98
-0.98
-0.98
-0.95
-0.95
-0.94
-0.94
-0.94
-0.93
-0.93
-0.9
-0.87
-0.89
-0.89
-0.89
-0.87
-0.86
-0.85
-0.82
-0.81
-0.8
-0.77
-0.76
-0.75
-0.75
-0.73
-0.72
-0.73
-0.71
-0.71
-0.71
-0.7
-0.68
-0.68
-0.67
-0.67
-0.66
-0.66
-0.64
-0.61
-0.59
-0.58
-0.57
-0.54
-0.53
-0.52
-0.5
-0.48
-0.48
-0.46
-0.45
-0.43
-0.41
-0.4
-0.39
-0.37
-0.36
-0.35
-0.34
-0.31
-0.3
-0.27
-0.25
-0.22
-0.2
-0.17
-0.14
-0.12
-0.08
-0.04
0
0.04
0.09
0.14
0.19
0.22
0.26
0.34
0.4
0.5
0.56
0.62
0.67
0.71
0.75
0.8
0.85
0.9
0.94
0.98
1.02
1.04
1.07
1.09
1.11
1.16
1.17
1.21
1.22
1.27
1.31
1.31
1.34
1.35
1.35
1.36
1.39
1.39
1.36
1.35
1.35
1.33
1.31
1.31
1.31
1.31
1.31
1.3
1.27
1.27
1.27
1.26
1.22
1.2
1.18
1.17
1.16
1.16
1.14
1.12
1.09
1.11
1.09
1.07
1.06
1.04
1.02
0.99
0.98
0.95
0.91
0.9
0.9
0.9
0.86
0.84
0.8
0.79
0.76
0.76
0.75
0.74
0.71
0.72
0.74
0.74
0.75
0.72
0.7
0.63
0.6
0.55
0.52
0.49
0.45
0.42
0.39
0.35
0.31
0.25
0.19
0.11
0.04
0
-0.06
-0.1
-0.12
-0.12
-0.12
-0.13
-0.14
-0.15
-0.15
-0.15
-0.15
-0.16
-0.17
-0.21
-0.23
-0.31
-0.37
-0.45
-0.55
-0.64
-0.77
-0.9
-1
-1.09
-1.17
-1.22
-1.27
-1.29
-1.31
-1.31
-1.33
-1.34
-1.33
-1.34
-1.34
-1.35
-1.34
-1.35
-1.34
-1.34
-1.33
-1.34
-1.33
-1.31
-1.3
-1.29
-1.25
-1.26
-1.21
-1.21
-1.19
-1.17
-1.16
-1.13
-1.12
-1.11
-1.08
-1.07
-1.05
-1.04
-1.03
-1.03
-1.02
-1.02
-1
-0.98
-0.96
-0.96
-0.94
-0.91
-0.9
-0.87
-0.86
-0.85
-0.84
-0.82
-0.82
-0.81
-0.81
-0.81
-0.8
-0.78
-0.77
-0.76
-0.77
-0.76
-0.75
-0.73
-0.72
-0.71
-0.71
-0.7
-0.68
-0.68
-0.67
-0.66
-0.66
-0.66
-0.64
-0.66
-0.64
-0.64
-0.63
-0.62
-0.62
-0.61
-0.59
-0.58
-0.57
-0.54
-0.52
-0.5
-0.49
-0.49
-0.49
-0.48
-0.46
-0.45
-0.44
-0.44
-0.43
-0.4
-0.37
-0.35
-0.31
-0.27
-0.22
-0.17
-0.1
0
0.08
0.22
0.34
0.44
0.54
0.6
0.7
0.76
0.85
0.93
0.98
1.06
1.11
1.18
1.24
1.29
1.33
1.34
1.35
1.35
1.36
1.36
1.36
1.39
1.39
1.39
1.39
1.39
1.4
1.41
1.4
1.4
1.4
1.4
1.39
1.35
1.33
1.31
1.3
1.29
1.26
1.24
1.21
1.18
1.16
1.16
1.09
1.06
1.04
1.03
1.03
1.02
1.02
0.99
0.98
0.98
0.98
0.97
0.95
0.93
0.93
0.9
0.86
0.84
0.83
0.81
0.79
0.76
0.75
0.74
0.72
0.71
0.7
0.68
0.67
0.66
0.61
0.6
0.58
0.56
0.54
0.52
0.49
0.48
0.46
0.44
0.42
0.4
0.37
0.36
0.34
0.31
0.27
0.25
0.22
0.19
0.16
0.13
0.09
0.08
0.04
0
0
0
-0.04
-0.06
-0.1
-0.15
-0.18
-0.23
-0.28
-0.32
-0.38
-0.45
-0.53
-0.63
-0.73
-0.82
-0.94
-1.04
-1.14
-1.21
-1.26
-1.34
-1.36
-1.38
-1.4
-1.39
-1.4
-1.42
-1.42
-1.4
-1.4
-1.39
-1.36
-1.36
-1.35
-1.33
-1.31
-1.29
-1.27
-1.25
-1.2
-1.18
-1.16
-1.12
-1.09
-1.07
-1.07
-1.05
-1.02
-1.02
-1
-0.99
-0.98
-0.98
-0.98
-0.95
-0.94
-0.94
-0.94
-0.93
-0.9
-0.9
-0.87
-0.87
-0.85
-0.82
-0.81
-0.8
-0.78
-0.78
-0.76
-0.73
-0.73
-0.72
-0.71
-0.7
-0.7
-0.68
-0.68
-0.68
-0.68
-0.67
-0.68
-0.67
-0.66
-0.66
-0.67
-0.67
-0.66
-0.64
-0.63
-0.62
-0.61
-0.59
-0.58
-0.55
-0.54
-0.53
-0.52
-0.5
-0.5
-0.49
-0.48
-0.48
-0.46
-0.46
-0.44
-0.44
-0.44
-0.44
-0.43
-0.41
-0.39
-0.37
-0.37
-0.36
-0.35
-0.34
-0.31
-0.28
-0.26
-0.23
-0.2
-0.15
-0.1
-0.04
0.04
0.13
0.23
0.34
0.44
0.52
0.58
0.66
0.74
0.8
0.86
0.91
0.97
0.99
1.03
1.04
1.04
1.06
1.06
1.08
1.11
1.14
1.17
1.2
1.21
1.24
1.29
1.33
1.33
1.33
1.31
1.31
1.34
1.34
1.35
1.35
1.35
1.36
1.39
1.39
1.39
1.43
1.45
1.48
1.5
1.53
1.52
1.53
1.53
1.52
1.5
1.45
1.45
1.47
1.45
1.43
1.39
1.35
1.34
1.34
1.34
1.33
1.31
1.3
1.33
1.35
1.36
1.35
1.36
1.39
1.39
1.39
1.36
1.35
1.33
1.31
1.3
1.3
1.3
1.3
1.31
1.31
1.31
1.29
1.29
1.24
1.21
1.18
1.18
1.14
1.11
1.04
0.98
0.93
0.9
0.9
0.88
0.88
0.88
0.88
0.86
0.83
0.76
0.72
0.67
0.63
0.61
0.57
0.54
0.49
0.45
0.39
0.34
0.3
0.23
0.19
0.13
0.04
-0.05
-0.15
-0.26
-0.33
-0.37
-0.4
-0.42
-0.44
-0.45
-0.45
-0.45
-0.45
-0.45
-0.48
-0.5
-0.55
-0.61
-0.67
-0.75
-0.81
-0.89
-0.94
-1.02
-1.07
-1.11
-1.14
-1.17
-1.19
-1.2
-1.2
-1.22
-1.25
-1.29
-1.31
-1.35
-1.35
-1.38
-1.39
-1.42
-1.4
-1.42
-1.39
-1.36
-1.34
-1.31
-1.29
-1.25
-1.24
-1.21
-1.19
-1.19
-1.19
-1.19
-1.18
-1.16
-1.17
-1.14
-1.14
-1.12
-1.11
-1.09
-1.05
-1.03
-1
-0.98
-0.98
-0.96
-0.98
-0.95
-0.94
-0.94
-0.93
-0.91
-0.91
-0.91
-0.91
-0.89
-0.87
-0.86
-0.86
-0.86
-0.86
-0.85
-0.82
-0.82
-0.8
-0.8
-0.78
-0.78
-0.78
-0.77
-0.76
-0.75
-0.72
-0.71
-0.71
-0.71
-0.68
-0.67
-0.67
-0.64
-0.63
-0.62
-0.61
-0.59
-0.58
-0.59
-0.57
-0.55
-0.53
-0.52
-0.5
-0.49
-0.49
-0.48
-0.48
-0.46
-0.45
-0.44
-0.44
-0.43
-0.43
-0.41
-0.41
-0.4
-0.4
-0.39
-0.37
-0.36
-0.35
-0.35
-0.32
-0.3
-0.23
-0.15
-0.03
0.18
0.44
0.66
0.84
0.99
1.12
1.22
1.33
1.41
1.5
1.57
1.62
1.68
1.72
1.73
1.73
1.76
1.73
1.73
1.76
1.73
1.72
1.72
1.73
1.73
1.73
1.73
1.76
1.76
1.72
1.69
1.68
1.67
1.64
1.63
1.62
1.59
1.57
1.58
1.53
1.52
1.54
1.53
1.53
1.54
1.53
1.53
1.52
1.53
1.48
1.45
1.43
1.39
1.36
1.35
1.35
1.34
1.33
1.31
1.31
1.3
1.26
1.24
1.2
1.14
1.11
1.07
1.02
0.97
0.91
0.86
0.81
0.79
0.72
0.68
0.63
0.6
0.56
0.54
0.5
0.48
0.44
0.39
0.34
0.26
0.19
0.12
0.05
0
-0.05
-0.08
-0.12
-0.14
-0.17
-0.22
-0.26
-0.27
-0.28
-0.31
-0.33
-0.36
-0.37
-0.37
-0.36
-0.37
-0.37
-0.4
-0.43
-0.46
-0.5
-0.57
-0.67
-0.81
-0.95
-1.11
-1.26
-1.4
-1.56
-1.69
-1.76
-1.79
-1.83
-1.85
-1.87
-1.87
-1.87
-1.83
-1.83
-1.81
-1.77
-1.77
-1.75
-1.74
-1.71
-1.72
-1.71
-1.7
-1.67
-1.63
-1.63
-1.61
-1.57
-1.56
-1.52
-1.51
-1.47
-1.43
-1.42
-1.36
-1.36
-1.3
-1.31
-1.29
-1.27
-1.27
-1.26
-1.25
-1.22
-1.24
-1.24
-1.22
-1.2
-1.21
-1.19
-1.17
-1.16
-1.12
-1.11
-1.05
-1.04
-1.03
-1.02
-1
-0.99
-0.95
-0.93
-0.9
-0.89
-0.9
-0.89
-0.89
-0.89
-0.87
-0.86
-0.85
-0.82
-0.81
-0.8
-0.78
-0.76
-0.73
-0.73
-0.71
-0.7
-0.68
-0.67
-0.66
-0.63
-0.62
-0.61
-0.57
-0.55
-0.54
-0.52
-0.5
-0.48
-0.45
-0.44
-0.43
-0.4
-0.36
-0.32
-0.27
-0.22
-0.14
-0.05
0.08
0.21
0.32
0.4
0.49
0.56
0.61
0.66
0.7
0.71
0.74
0.75
0.76
0.79
0.8
0.84
0.86
0.91
0.95
1.02
1.06
1.12
1.18
1.26
1.31
1.35
1.39
1.44
1.44
1.45
1.45
1.47
1.47
1.5
1.52
1.53
1.56
1.56
1.54
1.53
1.52
1.52
1.5
1.52
1.52
1.54
1.53
1.53
1.5
1.5
1.47
1.47
1.45
1.45
1.43
1.41
1.4
1.4
1.4
1.36
1.36
1.36
1.34
1.33
1.3
1.27
1.26
1.21
1.18
1.16
1.12
1.08
1.06
1.03
0.98
0.95
0.93
0.9
0.84
0.84
0.81
0.8
0.79
0.75
0.72
0.7
0.68
0.66
0.63
0.6
0.56
0.54
0.49
0.48
0.48
0.46
0.44
0.4
0.39
0.39
0.36
0.34
0.31
0.26
0.23
0.18
0.13
0.08
0.04
0
0
-0.03
-0.04
-0.06
-0.08
-0.09
-0.12
-0.14
-0.17
-0.21
-0.23
-0.28
-0.35
-0.42
-0.51
-0.64
-0.79
-0.95
-1.12
-1.26
-1.39
-1.49
-1.6
-1.65
-1.69
-1.72
-1.71
-1.71
-1.72
-1.7
-1.65
-1.63
-1.61
-1.61
-1.6
-1.58
-1.6
-1.56
-1.56
-1.52
-1.51
-1.48
-1.43
-1.4
-1.36
-1.34
-1.3
-1.29
-1.24
-1.19
-1.18
-1.16
-1.13
-1.14
-1.14
-1.13
-1.13
-1.12
-1.12
-1.11
-1.11
-1.09
-1.08
-1.08
-1.07
-1.04
-1.03
-1
-0.98
-0.96
-0.95
-0.94
-0.94
-0.93
-0.93
-0.93
-0.9
-0.89
-0.89
-0.87
-0.87
-0.85
-0.84
-0.82
-0.81
-0.78
-0.77
-0.75
-0.72
-0.72
-0.71
-0.7
-0.7
-0.68
-0.68
-0.67
-0.67
-0.66
-0.64
-0.63
-0.62
-0.61
-0.58
-0.57
-0.55
-0.53
-0.52
-0.5
-0.49
-0.46
-0.45
-0.44
-0.43
-0.4
-0.37
-0.34
-0.3
-0.28
-0.26
-0.25
-0.22
-0.2
-0.16
-0.1
-0.03
0.08
0.16
0.27
0.36
0.45
0.55
0.61
0.7
0.75
0.83
0.88
0.94
0.99
1.04
1.08
1.12
1.17
1.21
1.26
1.29
1.31
1.35
1.35
1.36
1.4
1.41
1.44
1.44
1.45
1.47
1.47
1.48
1.52
1.54
1.56
1.54
1.56
1.57
1.57
1.57
1.58
1.58
1.53
1.52
1.47
1.44
1.43
1.41
1.39
1.4
1.36
1.35
1.34
1.31
1.31
1.29
1.27
1.24
1.21
1.18
1.17
1.14
1.09
1.08
1.08
1.08
1.06
1.03
0.99
0.94
0.93
0.88
0.85
0.83
0.79
0.76
0.75
0.74
0.71
0.7
0.68
0.68
0.66
0.62
0.62
0.6
0.57
0.56
0.54
0.54
0.52
0.49
0.48
0.46
0.45
0.45
0.45
0.45
0.44
0.42
0.39
0.37
0.35
0.31
0.26
0.21
0.13
0.08
0
-0.09
-0.17
-0.27
-0.36
-0.45
-0.54
-0.63
-0.73
-0.84
-0.95
-1.05
-1.16
-1.24
-1.3
-1.36
-1.43
-1.45
-1.48
-1.51
-1.53
-1.54
-1.54
-1.53
-1.56
-1.56
-1.54
-1.54
-1.52
-1.51
-1.52
-1.47
-1.44
-1.4
-1.35
-1.33
-1.29
-1.27
-1.25
-1.2
-1.21
-1.2
-1.18
-1.18
-1.17
-1.19
-1.18
-1.17
-1.16
-1.14
-1.14
-1.12
-1.11
-1.08
-1.07
-1.05
-1.04
-1.02
-1
-0.96
-0.96
-0.94
-0.93
-0.91
-0.9
-0.87
-0.86
-0.85
-0.82
-0.81
-0.78
-0.75
-0.73
-0.71
-0.7
-0.68
-0.67
-0.66
-0.64
-0.62
-0.61
-0.59
-0.59
-0.58
-0.59
-0.59
-0.58
-0.58
-0.57
-0.55
-0.53
-0.5
-0.48
-0.46
-0.45
-0.43
-0.4
-0.37
-0.36
-0.32
-0.3
-0.26
-0.22
-0.18
-0.15
-0.1
-0.05
0
0.08
0.12
0.16
0.19
0.21
0.22
0.22
0.22
0.25
0.26
0.3
0.31
0.34
0.35
0.36
0.37
0.4
0.44
0.48
0.55
0.62
0.72
0.81
0.91
0.98
1.07
1.14
1.21
1.27
1.31
1.34
1.39
1.43
1.44
1.47
1.45
1.47
1.5
1.53
1.53
1.53
1.5
1.48
1.48
1.47
1.45
1.45
1.45
1.47
1.48
1.47
1.47
1.5
1.53
1.54
1.58
1.58
1.62
1.64
1.68
1.68
1.63
1.58
1.54
1.5
1.5
1.47
1.47
1.45
1.43
1.43
1.43
1.41
1.44
1.44
1.44
1.43
1.4
1.39
1.36
1.33
1.3
1.26
1.21
1.17
1.12
1.07
1.02
0.95
0.91
0.86
0.83
0.8
0.74
0.68
0.62
0.58
0.55
0.49
0.44
0.36
0.31
0.23
0.18
0.13
0.09
0.05
0
-0.03
-0.08
-0.1
-0.13
-0.14
-0.15
-0.15
-0.15
-0.15
-0.15
-0.16
-0.17
-0.17
-0.18
-0.21
-0.26
-0.28
-0.31
-0.33
-0.4
-0.47
-0.57
-0.67
-0.77
-0.89
-1
-1.11
-1.18
-1.26
-1.34
-1.38
-1.4
-1.44
-1.45
-1.47
-1.45
-1.47
-1.48
-1.48
-1.47
-1.47
-1.51
-1.48
-1.49
-1.45
-1.45
-1.45
-1.4
-1.35
-1.35
-1.33
-1.29
-1.26
-1.22
-1.2
-1.19
-1.18
-1.16
-1.16
-1.14
-1.12
-1.11
-1.09
-1.08
-1.08
-1.08
-1.07
-1.07
-1.05
-1.04
-1.04
-1.03
-1.03
-1.02
-0.99
-1
-1
-0.99
-0.98
-0.96
-0.95
-0.94
-0.93
-0.93
-0.93
-0.9
-0.87
-0.87
-0.85
-0.84
-0.82
-0.82
-0.8
-0.78
-0.76
-0.75
-0.73
-0.7
-0.67
-0.66
-0.63
-0.62
-0.59
-0.58
-0.55
-0.53
-0.52
-0.52
-0.5
-0.49
-0.48
-0.46
-0.45
-0.45
-0.44
-0.43
-0.43
-0.41
-0.4
-0.39
-0.39
-0.37
-0.35
-0.34
-0.34
-0.31
-0.26
-0.22
-0.17
-0.12
-0.06
0
0.05
0.13
0.23
0.34
0.44
0.54
0.61
0.7
0.75
0.81
0.85
0.9
0.95
1.02
1.06
1.11
1.16
1.18
1.2
1.22
1.26
1.31
1.35
1.36
1.39
1.39
1.39
1.36
1.36
1.36
1.36
1.39
1.43
1.47
1.5
1.54
1.54
1.56
1.57
1.58
1.63
1.63
1.68
1.71
1.72
1.73
1.71
1.68
1.64
1.59
1.57
1.56
1.52
1.45
1.4
1.39
1.34
1.35
1.34
1.34
1.29
1.22
1.2
1.18
1.16
1.16
1.12
1.09
1.09
1.08
1.09
1.07
1.04
0.99
0.97
0.91
0.88
0.85
0.84
0.83
0.8
0.76
0.72
0.7
0.63
0.6
0.56
0.49
0.44
0.36
0.34
0.31
0.27
0.23
0.18
0.11
0.04
0
-0.05
-0.08
-0.1
-0.13
-0.15
-0.16
-0.16
-0.16
-0.16
-0.16
-0.16
-0.15
-0.15
-0.16
-0.17
-0.18
-0.21
-0.22
-0.23
-0.26
-0.28
-0.32
-0.38
-0.44
-0.49
-0.57
-0.68
-0.8
-0.91
-1.04
-1.16
-1.24
-1.34
-1.42
-1.49
-1.52
-1.54
-1.53
-1.56
-1.53
-1.54
-1.52
-1.52
-1.52
-1.52
-1.54
-1.49
-1.48
-1.48
-1.47
-1.48
-1.45
-1.45
-1.45
-1.42
-1.39
-1.38
-1.35
-1.33
-1.31
-1.3
-1.26
-1.25
-1.24
-1.22
-1.21
-1.2
-1.18
-1.18
-1.18
-1.17
-1.16
-1.14
-1.16
-1.13
-1.12
-1.12
-1.09
-1.08
-1.05
-1.07
-1.03
-1
-1
-0.98
-0.98
-0.95
-0.95
-0.91
-0.91
-0.9
-0.89
-0.89
-0.87
-0.87
-0.85
-0.84
-0.8
-0.8
-0.8
-0.8
-0.8
-0.78
-0.78
-0.77
-0.76
-0.73
-0.71
-0.68
-0.64
-0.62
-0.58
-0.55
-0.5
-0.45
-0.4
-0.34
-0.27
-0.21
-0.15
-0.08
0
0.05
0.13
0.21
0.26
0.31
0.32
0.34
0.34
0.34
0.32
0.32
0.32
0.32
0.31
0.31
0.3
0.27
0.25
0.22
0.19
0.14
0.11
0.08
0.03
0
-0.04
-0.08
-0.09
-0.12
-0.12
-0.12
-0.1
-0.08
-0.05
0
0.05
0.14
0.32
0.5
0.67
0.85
1.03
1.17
1.29
1.36
1.43
1.47
1.53
1.58
1.62
1.67
1.69
1.73
1.77
1.81
1.82
1.82
1.82
1.85
1.88
1.92
1.91
1.9
1.9
1.9
1.9
1.84
1.82
1.77
1.73
1.69
1.67
1.67
1.68
1.68
1.67
1.67
1.67
1.62
1.58
1.54
1.53
1.5
1.44
1.4
1.4
1.36
1.35
1.33
1.3
1.29
1.24
1.21
1.18
1.16
1.11
1.07
1.03
0.97
0.93
0.88
0.84
0.79
0.74
0.68
0.63
0.6
0.57
0.56
0.52
0.46
0.4
0.36
0.34
0.3
0.23
0.14
0.08
0.03
0
0
0
0
0
-0.03
-0.04
-0.05
-0.05
-0.06
-0.08
-0.1
-0.14
-0.2
-0.28
-0.36
-0.44
-0.53
-0.65
-0.8
-0.95
-1.08
-1.19
-1.27
-1.35
-1.43
-1.49
-1.51
-1.51
-1.53
-1.52
-1.51
-1.51
-1.49
-1.51
-1.51
-1.51
-1.52
-1.51
-1.53
-1.51
-1.51
-1.48
-1.45
-1.47
-1.42
-1.42
-1.38
-1.36
-1.34
-1.34
-1.33
-1.31
-1.29
-1.25
-1.26
-1.26
-1.27
-1.27
-1.26
-1.26
-1.25
-1.24
-1.21
-1.2
-1.17
-1.17
-1.13
-1.12
-1.11
-1.09
-1.08
-1.05
-1.04
-1
-0.99
-0.96
-0.95
-0.93
-0.91
-0.9
-0.87
-0.86
-0.82
-0.81
-0.8
-0.77
-0.73
-0.72
-0.7
-0.68
-0.66
-0.63
-0.62
-0.59
-0.59
-0.58
-0.58
-0.57
-0.57
-0.57
-0.57
-0.55
-0.57
-0.55
-0.55
-0.57
-0.57
-0.55
-0.57
-0.55
-0.54
-0.53
-0.52
-0.5
-0.5
-0.49
-0.48
-0.45
-0.44
-0.41
-0.41
-0.41
-0.4
-0.4
-0.37
-0.36
-0.35
-0.34
-0.31
-0.28
-0.27
-0.23
-0.21
-0.16
-0.12
-0.04
0.04
0.11
0.19
0.26
0.35
0.44
0.5
0.57
0.62
0.68
0.74
0.79
0.81
0.83
0.84
0.85
0.88
0.91
0.97
1.04
1.11
1.17
1.22
1.27
1.33
1.36
1.39
1.43
1.47
1.5
1.53
1.52
1.52
1.5
1.48
1.48
1.48
1.5
1.5
1.5
1.5
1.5
1.5
1.45
1.41
1.35
1.31
1.29
1.24
1.21
1.17
1.12
1.09
1.04
1.02
0.97
0.93
0.9
0.88
0.84
0.83
0.81
0.8
0.79
0.76
0.74
0.72
0.72
0.7
0.68
0.68
0.66
0.63
0.62
0.62
0.6
0.6
0.6
0.6
0.58
0.58
0.58
0.58
0.57
0.56
0.54
0.52
0.5
0.48
0.44
0.4
0.39
0.36
0.34
0.31
0.27
0.25
0.21
0.16
0.09
0.04
-0.03
-0.12
-0.21
-0.31
-0.4
-0.5
-0.6
-0.73
-0.86
-0.98
-1.09
-1.18
-1.24
-1.29
-1.34
-1.36
-1.4
-1.43
-1.45
-1.44
-1.47
-1.45
-1.44
-1.43
-1.42
-1.4
-1.42
-1.39
-1.38
-1.34
-1.34
-1.35
-1.33
-1.31
-1.31
-1.29
-1.29
-1.26
-1.26
-1.24
-1.2
-1.2
-1.19
-1.18
-1.14
-1.13
-1.12
-1.08
-1.08
-1.05
-1.03
-1.02
-0.99
-0.98
-0.95
-0.93
-0.9
-0.87
-0.86
-0.85
-0.81
-0.8
-0.78
-0.77
-0.76
-0.73
-0.73
-0.71
-0.71
-0.7
-0.7
-0.68
-0.68
-0.68
-0.67
-0.66
-0.66
-0.63
-0.63
-0.62
-0.62
-0.62
-0.61
-0.59
-0.59
-0.57
-0.57
-0.55
-0.55
-0.54
-0.53
-0.53
-0.52
-0.5
-0.49
-0.48
-0.45
-0.44
-0.41
-0.4
-0.39
-0.36
-0.35
-0.32
-0.3
-0.28
-0.26
-0.26
-0.22
-0.21
-0.18
-0.16
-0.14
-0.1
-0.06
0
0.04
0.09
0.13
0.18
0.21
0.23
0.27
0.31
0.35
0.39
0.46
0.55
0.62
0.72
0.83
0.91
1.02
1.09
1.18
1.26
1.33
1.39
1.41
1.45
1.48
1.52
1.54
1.59
1.64
1.67
1.68
1.69
1.72
1.73
1.73
1.76
1.77
1.78
1.78
1.78
1.77
1.78
1.73
1.77
1.76
1.78
1.77
1.76
1.73
1.71
1.69
1.67
1.64
1.68
1.67
1.62
1.58
1.56
1.5
1.52
1.47
1.43
1.4
1.35
1.33
1.27
1.24
1.22
1.18
1.12
1.09
1.06
1.03
0.98
0.97
0.93
0.88
0.84
0.81
0.76
0.72
0.68
0.62
0.57
0.52
0.46
0.39
0.32
0.23
0.16
0.08
0.03
0
-0.03
-0.06
-0.09
-0.12
-0.13
-0.14
-0.15
-0.18
-0.21
-0.28
-0.35
-0.44
-0.54
-0.65
-0.78
-0.89
-1
-1.09
-1.16
-1.21
-1.25
-1.27
-1.29
-1.3
-1.31
-1.31
-1.34
-1.34
-1.34
-1.35
-1.33
-1.3
-1.3
-1.26
-1.25
-1.22
-1.2
-1.18
-1.17
-1.16
-1.12
-1.11
-1.09
-1.09
-1.09
-1.09
-1.08
-1.09
-1.08
-1.07
-1.07
-1.05
-1.03
-1.03
-1.02
-0.99
-0.99
-0.98
-0.98
-0.98
-0.96
-0.95
-0.94
-0.91
-0.93
-0.91
-0.9
-0.9
-0.89
-0.87
-0.86
-0.84
-0.81
-0.8
-0.77
-0.75
-0.73
-0.72
-0.71
-0.7
-0.68
-0.68
-0.67
-0.66
-0.64
-0.64
-0.62
-0.62
-0.59
-0.59
-0.57
-0.55
-0.55
-0.53
-0.5
-0.49
-0.49
-0.48
-0.46
-0.43
-0.39
-0.35
-0.3
-0.23
-0.16
-0.08
0.03
0.16
0.27
0.39
0.52
0.62
0.72
0.83
0.91
0.98
1.07
1.14
1.18
1.24
1.3
1.34
1.4
1.41
1.47
1.44
1.45
1.44
1.43
1.44
1.44
1.43
1.4
1.4
1.41
1.43
1.45
1.47
1.52
1.53
1.58
1.63
1.67
1.67
1.67
1.64
1.64
1.58
1.57
1.5
1.48
1.45
1.43
1.44
1.41
1.41
1.41
1.39
1.36
1.34
1.33
1.26
1.2
1.12
1.06
0.95
0.88
0.83
0.81
0.74
0.67
0.6
0.52
0.4
0.26
0.12
0
-0.13
-0.23
-0.27
-0.26
-0.2
-0.14
-0.1
-0.08
-0.05
-0.05
-0.04
-0.04
-0.04
-0.04
-0.04
-0.03
-0.03
-0.03
0
0
0
0
0
-0.05
-0.21
-0.5
-0.65
-0.68
-0.72
-0.82
-0.94
-1.04
-1.13
-1.21
-1.27
-1.34
-1.39
-1.42
-1.43
-1.43
-1.44
-1.42
-1.44
-1.43
-1.43
-1.4
-1.42
-1.4
-1.4
-1.4
-1.39
-1.35
-1.35
-1.34
-1.33
-1.3
-1.3
-1.27
-1.26
-1.24
-1.21
-1.2
-1.18
-1.13
-1.13
-1.08
-1.07
-1.04
-1.02
-1
-0.99
-0.96
-0.99
-0.96
-0.98
-0.98
-0.98
-0.96
-0.94
-0.94
-0.93
-0.9
-0.85
-0.82
-0.76
-0.72
-0.67
-0.62
-0.55
-0.52
-0.48
-0.41
-0.32
-0.2
-0.1
-0.04
-0.03
-0.03
0
0
0
0
0
0
0
0
0
0
0
0
0
0
0
0
0
0
0
0
0
0
0
0
0
0
0
0
0
0
0
0
0
0
0
0
0
0
0
0
0
0
0
0
0
0
0
0
0
0
0.04
0.04
0.05
0.04
0.05
0.05
0.04
0.04
0.04
0.03
-0.03
-0.06
-0.05
-0.04
0
0.11
0.3
0.45
0.6
0.74
0.85
0.94
0.98
1.02
1.03
1.02
1.02
1.03
1.04
1.11
1.26
1.31
1.36
1.41
1.4
1.39
1.39
1.39
1.39
1.36
1.34
1.3
1.27
1.21
1.16
1.09
1.07
1.04
0.99
0.95
0.91
0.85
0.81
0.79
0.74
0.72
0.68
0.66
0.63
0.62
0.61
0.58
0.57
0.55
0.54
0.52
0.49
0.46
0.44
0.39
0.36
0.31
0.23
0.14
0.08
-0.06
-0.2
-0.33
-0.45
-0.56
-0.69
-0.79
-0.89
-0.96
-1.03
-1.08
-1.13
-1.18
-1.2
-1.22
-1.26
-1.27
-1.3
-1.3
-1.31
-1.3
-1.31
-1.31
-1.34
-1.31
-1.31
-1.29
-1.27
-1.26
-1.22
-1.2
-1.19
-1.18
-1.14
-1.12
-1.09
-1.07
-1.05
-1.02
-1.02
-0.98
-0.96
-0.94
-0.91
-0.89
-0.87
-0.84
-0.81
-0.81
-0.78
-0.77
-0.73
-0.71
-0.68
-0.64
-0.63
-0.61
-0.58
-0.57
-0.54
-0.53
-0.5
-0.5
-0.5
-0.52
-0.5
-0.49
-0.5
-0.52
-0.53
-0.53
-0.53
-0.52
-0.52
-0.52
-0.5
-0.5
-0.49
-0.48
-0.46
-0.45
-0.44
-0.41
-0.4
-0.4
-0.39
-0.36
-0.34
-0.31
-0.28
-0.26
-0.23
-0.21
-0.16
-0.13
-0.08
-0.03
0.03
0.09
0.16
0.25
0.32
0.39
0.45
0.52
0.57
0.62
0.68
0.74
0.81
0.86
0.91
0.98
1.07
1.14
1.22
1.29
1.36
1.45
1.52
1.57
1.58
1.58
1.62
1.64
1.68
1.73
1.73
1.76
1.78
1.8
1.78
1.77
1.76
1.73
1.72
1.71
1.68
1.67
1.62
1.59
1.58
1.54
1.52
1.47
1.44
1.41
1.4
1.35
1.35
1.31
1.26
1.22
1.2
1.18
1.16
1.12
1.11
1.09
1.09
1.07
1.04
1.02
0.99
0.95
0.93
0.91
0.88
0.84
0.81
0.8
0.76
0.74
0.72
0.7
0.68
0.66
0.62
0.61
0.58
0.57
0.55
0.55
0.54
0.54
0.55
0.54
0.52
0.52
0.52
0.52
0.52
0.5
0.49
0.46
0.45
0.42
0.39
0.36
0.35
0.34
0.31
0.27
0.27
0.25
0.23
0.21
0.18
0.14
0.12
0.09
0.08
0
-0.06
-0.15
-0.26
-0.35
-0.46
-0.56
-0.71
-0.86
-1.01
-1.16
-1.29
-1.39
-1.49
-1.53
-1.6
-1.66
-1.63
-1.63
-1.65
-1.65
-1.63
-1.58
-1.61
-1.58
-1.58
-1.56
-1.56
-1.58
-1.56
-1.57
-1.56
-1.52
-1.49
-1.48
-1.44
-1.43
-1.38
-1.36
-1.35
-1.34
-1.31
-1.27
-1.27
-1.26
-1.25
-1.21
-1.19
-1.18
-1.16
-1.13
-1.13
-1.11
-1.08
-1.08
-1.05
-1.04
-1.04
-1.02
-0.99
-0.96
-0.94
-0.93
-0.89
-0.85
-0.82
-0.81
-0.78
-0.76
-0.76
-0.73
-0.72
-0.7
-0.68
-0.66
-0.64
-0.62
-0.61
-0.59
-0.58
-0.55
-0.54
-0.53
-0.5
-0.49
-0.48
-0.45
-0.44
-0.43
-0.4
-0.4
-0.37
-0.36
-0.36
-0.35
-0.34
-0.32
-0.31
-0.28
-0.26
-0.22
-0.17
-0.1
-0.04
0.04
0.12
0.19
0.25
0.32
0.4
0.48
0.57
0.66
0.72
0.81
0.9
0.98
1.08
1.16
1.24
1.33
1.41
1.48
1.52
1.56
1.57
1.57
1.59
1.63
1.68
1.67
1.71
1.76
1.8
1.82
1.84
1.84
1.85
1.85
1.85
1.82
1.81
1.82
1.8
1.77
1.73
1.72
1.69
1.71
1.68
1.67
1.67
1.67
1.64
1.63
1.62
1.58
1.54
1.5
1.44
1.4
1.34
1.31
1.27
1.21
1.2
1.17
1.17
1.14
1.09
1.06
1.04
1.03
1.02
0.98
0.97
0.94
0.91
0.86
0.84
0.83
0.81
0.79
0.75
0.71
0.68
0.67
0.63
0.6
0.56
0.54
0.48
0.42
0.36
0.32
0.27
0.22
0.18
0.12
0.08
0
-0.05
-0.09
-0.14
-0.16
-0.18
-0.18
-0.18
-0.18
-0.18
-0.18
-0.2
-0.21
-0.23
-0.28
-0.32
-0.37
-0.44
-0.51
-0.58
-0.68
-0.78
-0.9
-1.02
-1.13
-1.22
-1.34
-1.44
-1.53
-1.58
-1.62
-1.65
-1.69
-1.67
-1.69
-1.69
-1.67
-1.7
-1.66
-1.66
-1.66
-1.67
-1.7
-1.65
-1.62
-1.62
-1.61
-1.58
-1.56
-1.53
-1.51
-1.48
-1.47
-1.44
-1.42
-1.39
-1.38
-1.34
-1.33
-1.3
-1.3
-1.26
-1.24
-1.21
-1.21
-1.19
-1.19
-1.18
-1.17
-1.14
-1.12
-1.09
-1.07
-1.05
-1.02
-0.99
-0.96
-0.94
-0.91
-0.89
-0.86
-0.84
-0.82
-0.8
-0.8
-0.8
-0.81
-0.82
-0.8
-0.78
-0.77
-0.73
-0.72
-0.71
-0.7
-0.67
-0.63
-0.61
-0.58
-0.55
-0.54
-0.54
-0.53
-0.52
-0.49
-0.48
-0.45
-0.44
-0.44
-0.4
-0.37
-0.35
-0.32
-0.3
-0.27
-0.26
-0.25
-0.22
-0.2
-0.17
-0.16
-0.14
-0.13
-0.1
-0.08
-0.04
0
0
0.03
0.04
0.08
0.09
0.13
0.19
0.25
0.32
0.39
0.48
0.55
0.62
0.7
0.81
0.91
1.02
1.09
1.18
1.26
1.33
1.39
1.41
1.45
1.47
1.5
1.53
1.53
1.54
1.56
1.56
1.58
1.63
1.67
1.69
1.72
1.73
1.77
1.8
1.81
1.81
1.78
1.76
1.72
1.71
1.69
1.67
1.62
1.57
1.54
1.52
1.52
1.48
1.44
1.41
1.39
1.35
1.34
1.33
1.31
1.3
1.29
1.27
1.29
1.26
1.24
1.2
1.17
1.12
1.08
1.06
1.03
1.02
0.99
0.97
0.94
0.9
0.85
0.81
0.79
0.74
0.71
0.67
0.63
0.61
0.6
0.56
0.54
0.52
0.49
0.46
0.44
0.4
0.36
0.32
0.27
0.23
0.22
0.19
0.14
0.11
0.08
0.05
0.05
0.08
0.09
0.08
0.08
0.05
0.05
0.05
0.05
0.04
0.03
0
0
0
-0.03
-0.05
-0.09
-0.15
-0.21
-0.31
-0.41
-0.54
-0.69
-0.89
-1.1
-1.29
-1.48
-1.63
-1.8
-1.88
-1.96
-2.02
-2.05
-2.03
-2.03
-2.01
-1.98
-1.97
-1.94
-1.93
-1.89
-1.87
-1.91
-1.87
-1.87
-1.83
-1.81
-1.79
-1.74
-1.7
-1.63
-1.57
-1.47
-1.45
-1.44
-1.42
-1.4
-1.35
-1.34
-1.31
-1.3
-1.29
-1.26
-1.25
-1.22
-1.18
-1.14
-1.09
-1.07
-1.04
-1.02
-0.98
-0.95
-0.91
-0.89
-0.89
-0.87
-0.86
-0.87
-0.86
-0.85
-0.85
-0.85
-0.84
-0.81
-0.8
-0.77
-0.75
-0.72
-0.71
-0.67
-0.66
-0.63
-0.59
-0.57
-0.55
-0.54
-0.52
-0.52
-0.5
-0.49
-0.48
-0.46
-0.45
-0.43
-0.41
-0.39
-0.36
-0.34
-0.31
-0.3
-0.3
-0.28
-0.26
-0.26
-0.23
-0.21
-0.18
-0.14
-0.09
-0.03
0.05
0.13
0.23
0.32
0.39
0.46
0.54
0.6
0.7
0.81
0.93
1.04
1.11
1.17
1.2
1.24
1.27
1.33
1.36
1.43
1.47
1.52
1.57
1.58
1.64
1.67
1.68
1.69
1.69
1.69
1.69
1.69
1.68
1.67
1.67
1.64
1.63
1.62
1.59
1.58
1.57
1.53
1.5
1.48
1.47
1.45
1.43
1.41
1.39
1.36
1.36
1.34
1.31
1.26
1.22
1.18
1.14
1.11
1.07
1.03
0.99
0.95
0.91
0.85
0.84
0.8
0.75
0.72
0.68
0.63
0.6
0.55
0.52
0.49
0.48
0.44
0.4
0.39
0.4
0.39
0.36
0.35
0.34
0.32
0.31
0.3
0.27
0.26
0.23
0.21
0.19
0.19
0.19
0.21
0.22
0.22
0.21
0.19
0.18
0.14
0.12
0.08
0
-0.04
-0.09
-0.14
-0.18
-0.26
-0.29
-0.33
-0.37
-0.38
-0.4
-0.42
-0.45
-0.49
-0.5
-0.54
-0.58
-0.63
-0.68
-0.75
-0.82
-0.91
-0.99
-1.07
-1.16
-1.24
-1.33
-1.4
-1.45
-1.49
-1.54
-1.58
-1.58
-1.58
-1.6
-1.56
-1.57
-1.54
-1.53
-1.51
-1.49
-1.47
-1.45
-1.44
-1.43
-1.43
-1.39
-1.33
-1.3
-1.25
-1.21
-1.18
-1.16
-1.12
-1.09
-1.05
-1.07
-1.04
-1.02
-1.02
-0.99
-0.98
-0.96
-0.95
-0.95
-0.91
-0.9
-0.89
-0.86
-0.82
-0.82
-0.81
-0.81
-0.8
-0.81
-0.8
-0.78
-0.8
-0.8
-0.78
-0.78
-0.78
-0.77
-0.76
-0.76
-0.73
-0.72
-0.7
-0.68
-0.66
-0.64
-0.62
-0.61
-0.59
-0.58
-0.57
-0.55
-0.55
-0.53
-0.52
-0.5
-0.49
-0.48
-0.48
-0.48
-0.46
-0.43
-0.4
-0.36
-0.34
-0.31
-0.3
-0.28
-0.26
-0.23
-0.18
-0.14
-0.06
0
0.09
0.21
0.31
0.39
0.49
0.57
0.66
0.74
0.81
0.88
0.97
1.06
1.11
1.18
1.24
1.3
1.34
1.39
1.41
1.45
1.48
1.52
1.53
1.56
1.57
1.58
1.62
1.62
1.63
1.64
1.64
1.63
1.62
1.59
1.57
1.56
1.56
1.54
1.54
1.54
1.5
1.5
1.48
1.47
1.45
1.44
1.43
1.4
1.36
1.34
1.3
1.3
1.26
1.22
1.2
1.21
1.21
1.21
1.2
1.17
1.14
1.12
1.12
1.12
1.11
1.09
1.08
1.04
1.03
0.99
0.95
0.93
0.91
0.88
0.85
0.81
0.8
0.76
0.75
0.74
0.71
0.67
0.63
0.61
0.58
0.56
0.55
0.54
0.54
0.52
0.5
0.49
0.48
0.46
0.45
0.44
0.44
0.42
0.4
0.39
0.37
0.35
0.34
0.32
0.27
0.25
0.21
0.14
0.09
0.04
0
-0.06
-0.13
-0.16
-0.18
-0.2
-0.21
-0.23
-0.27
-0.29
-0.33
-0.37
-0.42
-0.47
-0.55
-0.67
-0.8
-0.91
-1.04
-1.16
-1.26
-1.35
-1.45
-1.52
-1.54
-1.61
-1.61
-1.65
-1.63
-1.62
-1.62
-1.61
-1.62
-1.62
-1.6
-1.6
-1.57
-1.57
-1.53
-1.52
-1.51
-1.45
-1.42
-1.38
-1.35
-1.34
-1.29
-1.27
-1.27
-1.25
-1.25
-1.22
-1.21
-1.21
-1.21
-1.21
-1.2
-1.2
-1.2
-1.19
-1.18
-1.17
-1.16
-1.14
-1.14
-1.12
-1.09
-1.05
-1.03
-0.99
-0.99
-0.95
-0.93
-0.93
-0.89
-0.87
-0.85
-0.84
-0.8
-0.78
-0.77
-0.77
-0.77
-0.76
-0.75
-0.75
-0.72
-0.71
-0.7
-0.68
-0.67
-0.66
-0.64
-0.62
-0.62
-0.59
-0.59
-0.57
-0.57
-0.55
-0.54
-0.53
-0.52
-0.5
-0.49
-0.46
-0.44
-0.44
-0.41
-0.39
-0.36
-0.34
-0.3
-0.25
-0.17
-0.09
0.04
0.19
0.34
0.46
0.57
0.66
0.74
0.81
0.85
0.91
0.95
0.99
1.04
1.08
1.11
1.14
1.16
1.17
1.17
1.17
1.2
1.2
1.18
1.21
1.2
1.2
1.21
1.24
1.29
1.35
1.36
1.39
1.39
1.39
1.39
1.4
1.41
1.41
1.41
1.39
1.36
1.35
1.34
1.33
1.34
1.3
1.3
1.27
1.27
1.26
1.21
1.2
1.18
1.17
1.17
1.16
1.16
1.14
1.14
1.12
1.11
1.08
1.07
1.07
1.04
1.03
1.02
0.98
0.97
0.94
0.93
0.91
0.88
0.86
0.83
0.81
0.79
0.75
0.74
0.72
0.71
0.7
0.68
0.67
0.63
0.63
0.61
0.58
0.57
0.56
0.55
0.54
0.5
0.48
0.48
0.45
0.45
0.46
0.44
0.42
0.39
0.39
0.37
0.36
0.34
0.3
0.26
0.23
0.21
0.18
0.16
0.14
0.12
0.11
0.09
0.08
0.03
0
-0.04
-0.09
-0.13
-0.17
-0.21
-0.26
-0.32
-0.38
-0.45
-0.54
-0.64
-0.77
-0.87
-1
-1.12
-1.21
-1.29
-1.35
-1.43
-1.49
-1.51
-1.56
-1.57
-1.58
-1.58
-1.6
-1.62
-1.63
-1.62
-1.61
-1.61
-1.61
-1.61
-1.61
-1.6
-1.57
-1.56
-1.53
-1.56
-1.51
-1.49
-1.43
-1.4
-1.39
-1.34
-1.34
-1.31
-1.29
-1.27
-1.25
-1.24
-1.24
-1.22
-1.22
-1.21
-1.21
-1.19
-1.19
-1.18
-1.16
-1.16
-1.14
-1.12
-1.11
-1.07
-1.05
-1.04
-1.03
-1.02
-0.99
-0.96
-0.95
-0.91
-0.9
-0.89
-0.86
-0.85
-0.82
-0.81
-0.78
-0.78
-0.76
-0.75
-0.73
-0.72
-0.7
-0.68
-0.66
-0.64
-0.63
-0.62
-0.61
-0.59
-0.58
-0.57
-0.55
-0.55
-0.54
-0.54
-0.53
-0.52
-0.5
-0.49
-0.46
-0.44
-0.43
-0.4
-0.39
-0.35
-0.31
-0.28
-0.25
-0.22
-0.2
-0.18
-0.17
-0.14
-0.12
-0.08
-0.05
0
0.04
0.08
0.12
0.16
0.19
0.21
0.25
0.27
0.31
0.35
0.4
0.48
0.54
0.61
0.7
0.81
0.93
1.04
1.16
1.26
1.33
1.4
1.44
1.45
1.5
1.52
1.57
1.62
1.64
1.69
1.72
1.78
1.81
1.84
1.85
1.86
1.9
1.91
1.91
1.91
1.88
1.88
1.86
1.85
1.85
1.82
1.81
1.81
1.82
1.82
1.82
1.8
1.77
1.76
1.72
1.72
1.72
1.73
1.67
1.63
1.62
1.58
1.57
1.56
1.52
1.48
1.45
1.41
1.4
1.39
1.36
1.36
1.35
1.34
1.3
1.29
1.24
1.21
1.16
1.11
1.08
1.04
1.03
0.99
0.97
0.93
0.91
0.88
0.86
0.83
0.81
0.79
0.74
0.7
0.63
0.58
0.54
0.46
0.4
0.34
0.25
0.16
0.08
0
-0.08
-0.16
-0.21
-0.23
-0.23
-0.22
-0.22
-0.22
-0.23
-0.28
-0.31
-0.35
-0.41
-0.49
-0.56
-0.66
-0.76
-0.87
-1.03
-1.17
-1.27
-1.39
-1.49
-1.58
-1.61
-1.63
-1.66
-1.67
-1.66
-1.67
-1.7
-1.69
-1.67
-1.65
-1.63
-1.66
-1.66
-1.69
-1.65
-1.67
-1.67
-1.66
-1.66
-1.67
-1.65
-1.61
-1.57
-1.53
-1.54
-1.48
-1.48
-1.42
-1.44
-1.39
-1.35
-1.34
-1.33
-1.33
-1.3
-1.29
-1.29
-1.27
-1.25
-1.22
-1.21
-1.19
-1.17
-1.17
-1.14
-1.13
-1.12
-1.08
-1.08
-1.05
-1.03
-1.02
-1
-0.99
-1
-0.98
-0.98
-0.95
-0.93
-0.91
-0.89
-0.87
-0.87
-0.86
-0.84
-0.8
-0.77
-0.77
-0.75
-0.73
-0.73
-0.73
-0.72
-0.71
-0.68
-0.67
-0.64
-0.63
-0.62
-0.59
-0.59
-0.57
-0.55
-0.54
-0.53
-0.52
-0.49
-0.48
-0.45
-0.44
-0.44
-0.43
-0.41
-0.4
-0.39
-0.37
-0.36
-0.35
-0.34
-0.31
-0.28
-0.27
-0.23
-0.18
-0.15
-0.1
-0.04
0.03
0.09
0.16
0.25
0.32
0.4
0.49
0.57
0.66
0.74
0.81
0.88
0.95
1.04
1.12
1.21
1.29
1.34
1.36
1.4
1.4
1.41
1.44
1.45
1.5
1.54
1.62
1.69
1.73
1.77
1.81
1.82
1.84
1.85
1.84
1.82
1.82
1.82
1.82
1.84
1.82
1.84
1.82
1.82
1.82
1.84
1.8
1.81
1.8
1.8
1.81
1.82
1.82
1.81
1.78
1.78
1.76
1.72
1.72
1.69
1.68
1.67
1.63
1.64
1.63
1.59
1.54
1.52
1.45
1.41
1.34
1.31
1.27
1.22
1.17
1.14
1.09
1.04
0.99
0.94
0.88
0.83
0.79
0.74
0.71
0.7
0.66
0.61
0.57
0.54
0.5
0.46
0.4
0.34
0.3
0.25
0.21
0.16
0.11
0.04
0
-0.04
-0.06
-0.08
-0.08
-0.08
-0.09
-0.1
-0.13
-0.15
-0.17
-0.17
-0.17
-0.18
-0.22
-0.26
-0.29
-0.35
-0.4
-0.47
-0.56
-0.67
-0.8
-0.95
-1.08
-1.21
-1.33
-1.45
-1.57
-1.66
-1.72
-1.82
-1.81
-1.84
-1.87
-1.85
-1.87
-1.85
-1.84
-1.82
-1.81
-1.77
-1.72
-1.67
-1.67
-1.58
-1.54
-1.52
-1.49
-1.43
-1.43
-1.44
-1.44
-1.44
-1.47
-1.45
-1.47
-1.48
-1.47
-1.44
-1.44
-1.43
-1.42
-1.4
-1.39
-1.34
-1.31
-1.29
-1.26
-1.24
-1.22
-1.18
-1.16
-1.14
-1.12
-1.11
-1.07
-1.05
-1.04
-1.03
-1
-0.99
-0.98
-0.95
-0.93
-0.94
-0.91
-0.87
-0.86
-0.84
-0.81
-0.8
-0.76
-0.73
-0.71
-0.7
-0.67
-0.66
-0.64
-0.63
-0.61
-0.61
-0.61
-0.59
-0.58
-0.58
-0.57
-0.55
-0.55
-0.54
-0.53
-0.52
-0.5
-0.48
-0.45
-0.41
-0.4
-0.37
-0.35
-0.32
-0.27
-0.21
-0.14
-0.05
0.08
0.22
0.34
0.44
0.52
0.58
0.63
0.68
0.74
0.79
0.84
0.88
0.91
0.97
1.02
1.04
1.07
1.11
1.14
1.17
1.2
1.22
1.24
1.26
1.24
1.27
1.26
1.27
1.29
1.3
1.34
1.39
1.41
1.44
1.43
1.43
1.41
1.4
1.39
1.36
1.35
1.34
1.33
1.3
1.29
1.27
1.26
1.26
1.26
1.24
1.24
1.21
1.2
1.18
1.16
1.14
1.14
1.14
1.14
1.16
1.14
1.14
1.14
1.14
1.16
1.18
1.21
1.21
1.21
1.18
1.18
1.18
1.16
1.14
1.11
1.08
1.07
1.07
1.04
1.03
0.99
0.95
0.93
0.91
0.88
0.86
0.84
0.8
0.76
0.76
0.74
0.72
0.7
0.67
0.63
0.61
0.58
0.55
0.49
0.44
0.36
0.31
0.23
0.18
0.12
0.08
0
-0.05
-0.1
-0.16
-0.2
-0.22
-0.23
-0.28
-0.31
-0.35
-0.37
-0.41
-0.46
-0.54
-0.63
-0.75
-0.89
-1.04
-1.18
-1.33
-1.47
-1.58
-1.65
-1.67
-1.67
-1.7
-1.7
-1.71
-1.71
-1.69
-1.69
-1.69
-1.7
-1.69
-1.67
-1.65
-1.63
-1.63
-1.63
-1.6
-1.58
-1.57
-1.54
-1.52
-1.48
-1.43
-1.39
-1.35
-1.3
-1.27
-1.25
-1.24
-1.21
-1.17
-1.16
-1.12
-1.11
-1.08
-1.07
-1.04
-1.03
-1.03
-1
-0.99
-0.98
-0.96
-0.96
-0.94
-0.93
-0.9
-0.9
-0.86
-0.85
-0.84
-0.82
-0.81
-0.78
-0.78
-0.76
-0.76
-0.75
-0.75
-0.72
-0.71
-0.7
-0.7
-0.7
-0.68
-0.68
-0.67
-0.66
-0.63
-0.62
-0.62
-0.59
-0.59
-0.58
-0.57
-0.57
-0.55
-0.54
-0.54
-0.53
-0.52
-0.5
-0.5
-0.49
-0.48
-0.48
-0.46
-0.45
-0.45
-0.44
-0.44
-0.43
-0.41
-0.39
-0.35
-0.28
-0.22
-0.12
0.03
0.22
0.42
0.58
0.71
0.85
0.97
1.06
1.11
1.18
1.26
1.3
1.31
1.34
1.39
1.43
1.48
1.56
1.62
1.68
1.73
1.78
1.82
1.85
1.91
1.91
1.92
1.92
1.94
1.98
2.02
2.01
1.98
1.96
1.95
1.94
1.9
1.85
1.84
1.8
1.77
1.76
1.73
1.71
1.71
1.69
1.64
1.64
1.62
1.62
1.59
1.57
1.57
1.52
1.47
1.44
1.4
1.39
1.34
1.29
1.26
1.24
1.21
1.2
1.17
1.11
1.06
0.99
0.97
0.94
0.88
0.85
0.8
0.76
0.72
0.7
0.67
0.63
0.6
0.57
0.54
0.52
0.52
0.5
0.5
0.5
0.49
0.48
0.46
0.46
0.45
0.42
0.39
0.36
0.35
0.35
0.34
0.31
0.27
0.25
0.22
0.19
0.16
0.13
0.09
0.08
0.05
0.05
0.05
0.05
0.04
0
0
-0.06
-0.1
-0.13
-0.14
-0.15
-0.2
-0.27
-0.36
-0.46
-0.59
-0.74
-0.93
-1.12
-1.29
-1.44
-1.58
-1.72
-1.79
-1.85
-1.87
-1.91
-1.88
-1.87
-1.89
-1.85
-1.83
-1.82
-1.83
-1.81
-1.83
-1.79
-1.77
-1.79
-1.71
-1.66
-1.66
-1.65
-1.62
-1.6
-1.54
-1.49
-1.48
-1.48
-1.45
-1.43
-1.4
-1.42
-1.4
-1.35
-1.35
-1.36
-1.38
-1.34
-1.35
-1.33
-1.29
-1.25
-1.24
-1.2
-1.17
-1.14
-1.08
-1.07
-1.04
-1
-0.98
-0.96
-0.94
-0.94
-0.93
-0.91
-0.9
-0.89
-0.89
-0.86
-0.85
-0.82
-0.8
-0.78
-0.77
-0.76
-0.73
-0.72
-0.71
-0.7
-0.67
-0.66
-0.64
-0.62
-0.59
-0.58
-0.55
-0.54
-0.53
-0.5
-0.49
-0.48
-0.46
-0.45
-0.44
-0.43
-0.41
-0.39
-0.36
-0.35
-0.32
-0.3
-0.27
-0.23
-0.18
-0.14
-0.08
0
0.11
0.19
0.23
0.27
0.31
0.34
0.39
0.42
0.45
0.48
0.49
0.52
0.54
0.55
0.56
0.58
0.6
0.66
0.7
0.75
0.81
0.86
0.91
0.97
1.02
1.04
1.07
1.11
1.14
1.18
1.21
1.22
1.26
1.29
1.29
1.3
1.3
1.34
1.36
1.4
1.44
1.47
1.45
1.44
1.44
1.43
1.4
1.39
1.35
1.35
1.33
1.3
1.27
1.26
1.22
1.21
1.18
1.18
1.16
1.11
1.11
1.11
1.09
1.08
1.06
1.03
1.02
0.99
0.99
0.97
0.93
0.91
0.9
0.9
0.88
0.85
0.83
0.81
0.76
0.74
0.71
0.68
0.67
0.63
0.62
0.61
0.6
0.6
0.6
0.58
0.57
0.55
0.52
0.5
0.49
0.46
0.45
0.44
0.4
0.37
0.37
0.37
0.36
0.35
0.35
0.35
0.34
0.32
0.31
0.27
0.26
0.23
0.21
0.19
0.16
0.13
0.12
0.11
0.08
0.08
0.08
0.08
0.08
0.08
0.05
0.04
0.03
0
0
-0.04
-0.06
-0.12
-0.14
-0.18
-0.27
-0.38
-0.5
-0.62
-0.77
-0.92
-1.07
-1.2
-1.3
-1.39
-1.48
-1.52
-1.54
-1.54
-1.56
-1.56
-1.57
-1.52
-1.53
-1.51
-1.52
-1.49
-1.49
-1.49
-1.48
-1.44
-1.44
-1.42
-1.39
-1.35
-1.35
-1.33
-1.34
-1.31
-1.29
-1.26
-1.25
-1.25
-1.21
-1.18
-1.18
-1.16
-1.16
-1.14
-1.12
-1.12
-1.11
-1.08
-1.07
-1.04
-1.03
-1.03
-1.02
-0.99
-0.99
-0.96
-0.96
-0.93
-0.91
-0.9
-0.89
-0.87
-0.85
-0.84
-0.81
-0.78
-0.77
-0.77
-0.76
-0.75
-0.73
-0.72
-0.71
-0.7
-0.68
-0.67
-0.66
-0.64
-0.64
-0.63
-0.62
-0.61
-0.59
-0.58
-0.57
-0.55
-0.54
-0.53
-0.52
-0.5
-0.48
-0.48
-0.46
-0.45
-0.45
-0.45
-0.44
-0.41
-0.4
-0.37
-0.34
-0.31
-0.28
-0.23
-0.18
-0.14
-0.08
-0.03
0.04
0.09
0.13
0.18
0.21
0.23
0.25
0.25
0.26
0.26
0.26
0.26
0.25
0.23
0.23
0.23
0.23
0.22
0.22
0.21
0.21
0.23
0.27
0.34
0.37
0.4
0.42
0.44
0.49
0.57
0.67
0.8
0.9
1.02
1.12
1.22
1.33
1.43
1.54
1.63
1.69
1.72
1.77
1.8
1.81
1.85
1.85
1.85
1.88
1.86
1.85
1.84
1.84
1.8
1.78
1.76
1.73
1.72
1.71
1.71
1.69
1.69
1.69
1.64
1.64
1.64
1.62
1.58
1.57
1.56
1.53
1.53
1.53
1.5
1.5
1.47
1.45
1.41
1.39
1.33
1.27
1.22
1.18
1.16
1.11
1.07
1.02
0.95
0.93
0.88
0.88
0.86
0.84
0.81
0.79
0.76
0.72
0.67
0.6
0.55
0.46
0.39
0.32
0.27
0.22
0.18
0.13
0.12
0.11
0.11
0.09
0.09
0.08
0.04
0
0
0
0
0
0
-0.04
-0.05
-0.05
-0.08
-0.09
-0.12
-0.14
-0.15
-0.17
-0.21
-0.26
-0.32
-0.4
-0.49
-0.59
-0.73
-0.86
-1.02
-1.17
-1.31
-1.43
-1.56
-1.66
-1.71
-1.76
-1.77
-1.79
-1.79
-1.79
-1.77
-1.75
-1.72
-1.69
-1.71
-1.7
-1.61
-1.62
-1.61
-1.58
-1.58
-1.54
-1.52
-1.51
-1.45
-1.44
-1.43
-1.4
-1.36
-1.35
-1.31
-1.27
-1.27
-1.25
-1.21
-1.2
-1.19
-1.18
-1.18
-1.16
-1.13
-1.12
-1.09
-1.07
-1.05
-1.03
-1.02
-0.98
-0.95
-0.9
-0.87
-0.85
-0.84
-0.81
-0.78
-0.77
-0.76
-0.73
-0.73
-0.72
-0.7
-0.7
-0.7
-0.68
-0.67
-0.66
-0.66
-0.64
-0.63
-0.63
-0.61
-0.61
-0.58
-0.58
-0.55
-0.54
-0.53
-0.5
-0.48
-0.46
-0.44
-0.41
-0.41
-0.4
-0.4
-0.41
-0.4
-0.39
-0.36
-0.34
-0.31
-0.28
-0.23
-0.16
-0.09
0
0.09
0.19
0.26
0.32
0.37
0.4
0.45
0.46
0.48
0.49
0.49
0.5