1.350
1.350
1.300
1.300
1.290
1.300
1.290
1.290
1.310
1.340
1.350
1.380
1.360
1.380
1.400
1.420
1.430
1.470
1.470
1.470
1.450
1.430
1.390
1.360
1.290
1.250
1.160
1.080
0.990
0.880
0.760
0.630
0.490
0.310
0.120
-0.050
-0.190
-0.360
-0.480
-0.600
-0.690
-0.780
-0.860
-0.900
-0.940
-0.980
-1.000
-1.030
-1.060
-1.070
-1.080
-1.090
-1.110
-1.090
-1.080
-1.060
-1.030
-0.980
-0.930
-0.880
-0.840
-0.800
-0.780
-0.760
-0.750
-0.780
-0.780
-0.810
-0.850
-0.880
-0.900
-0.940
-0.940
-0.980
-0.980
-0.950
-0.930
-0.900
-0.860
-0.830
-0.830
-0.830
-0.810
-0.810
-0.790
-0.760
-0.740
-0.710
-0.700
-0.690
-0.700
-0.690
-0.690
-0.670
-0.670
-0.670
-0.660
-0.660
-0.660
-0.650
-0.650
-0.650
-0.640
-0.620
-0.610
-0.590
-0.570
-0.560
-0.550
-0.540
-0.520
-0.520
-0.520
-0.520
-0.520
-0.520
-0.540
-0.540
-0.540
-0.520
-0.520
-0.520
-0.520
-0.510
-0.520
-0.520
-0.540
-0.540
-0.520
-0.520
-0.510
-0.500
-0.470
-0.460
-0.460
-0.450
-0.420
-0.400
-0.370
-0.350
-0.320
-0.290
-0.270
-0.240
-0.220
-0.210
-0.190
-0.180
-0.150
-0.150
-0.140
-0.110
-0.100
-0.090
-0.080
-0.050
0.000
0.030
0.080
0.160
0.220
0.310
0.390
0.470
0.540
0.610
0.670
0.720
0.780
0.830
0.870
0.940
0.990
1.040
1.080
1.120
1.150
1.160
1.170
1.160
1.190
1.210
1.210
1.250
1.260
1.270
1.310
1.360
1.390
1.450
1.470
1.490
1.520
1.530
1.580
1.580
1.600
1.600
1.610
1.610
1.610
1.600
1.610
1.610
1.630
1.620
1.610
1.620
1.630
1.680
1.680
1.670
1.690
1.680
1.680
1.670
1.670
1.690
1.680
1.680
1.680
1.670
1.630
1.620
1.620
1.580
1.520
1.490
1.450
1.400
1.380
1.340
1.290
1.240
1.190
1.120
1.040
0.940
0.850
0.740
0.620
0.490
0.350
0.210
0.080
-0.040
-0.130
-0.220
-0.300
-0.380
-0.440
-0.520
-0.570
-0.620
-0.680
-0.710
-0.750
-0.800
-0.840
-0.890
-0.940
-0.980
-1.020
-1.060
-1.110
-1.180
-1.210
-1.270
-1.310
-1.320
-1.320
-1.320
-1.290
-1.260
-1.240
-1.210
-1.220
-1.200
-1.200
-1.220
-1.220
-1.250
-1.240
-1.240
-1.240
-1.200
-1.180
-1.160
-1.130
-1.120
-1.080
-1.070
-1.060
-1.030
-1.020
-0.990
-0.970
-0.970
-0.950
-0.940
-0.940
-0.940
-0.940
-0.930
-0.920
-0.920
-0.900
-0.890
-0.880
-0.850
-0.840
-0.830
-0.810
-0.800
-0.800
-0.760
-0.760
-0.750
-0.740
-0.730
-0.710
-0.730
-0.730
-0.710
-0.710
-0.710
-0.700
-0.690
-0.660
-0.650
-0.650
-0.640
-0.620
-0.610
-0.610
-0.610
-0.600
-0.600
-0.600
-0.590
-0.570
-0.570
-0.550
-0.540
-0.520
-0.510
-0.480
-0.480
-0.480
-0.470
-0.470
-0.470
-0.470
-0.470
-0.470
-0.460
-0.460
-0.450
-0.430
-0.430
-0.420
-0.410
-0.410
-0.410
-0.410
-0.400
-0.380
-0.370
-0.360
-0.350
-0.330
-0.310
-0.310
-0.310
-0.310
-0.310
-0.310
-0.320
-0.320
-0.310
-0.290
-0.270
-0.270
-0.260
-0.240
-0.230
-0.220
-0.220
-0.210
-0.190
-0.180
-0.150
-0.140
-0.110
-0.090
-0.080
-0.060
-0.060
-0.060
-0.060
-0.080
-0.090
-0.090
-0.100
-0.100
-0.100
-0.100
-0.090
-0.090
-0.090
-0.080
-0.080
-0.080
-0.060
-0.050
0.000
0.000
0.000
0.000
0.000
0.030
0.030
0.030
0.000
0.000
0.000
0.000
0.000
0.000
0.000
0.000
0.000
-0.030
-0.050
-0.080
-0.060
-0.060
-0.060
-0.050
-0.040
-0.030
0.000
0.000
0.030
0.030
0.000
0.000
0.000
0.000
-0.030
-0.040
-0.050
-0.050
-0.060
-0.050
-0.050
-0.050
-0.050
-0.040
-0.040
-0.040
-0.040
-0.040
-0.040
-0.040
-0.040
-0.030
-0.040
-0.030
0.000
0.000
0.000
0.000
0.000
0.000
0.000
0.000
0.000
0.040
0.040
0.040
0.060
0.080
0.090
0.080
0.090
0.110
0.130
0.180
0.210
0.250
0.280
0.280
0.280
0.270
0.230
0.230
0.230
0.220
0.250
0.470
0.650
0.870
0.910
0.930
0.980
1.020
0.950
0.950
0.970
0.950
0.940
0.940
0.950
0.970
0.980
0.990
0.990
1.020
1.060
1.120
1.160
1.200
1.250
1.290
1.290
1.300
1.340
1.300
1.300
1.300
1.310
1.350
1.390
1.430
1.480
1.510
1.580
1.600
1.620
1.630
1.620
1.630
1.680
1.690
1.690
1.690
1.710
1.690
1.720
1.730
1.760
1.800
1.850
1.900
1.900
1.900
1.900
1.890
1.850
1.840
1.800
1.760
1.710
1.680
1.620
1.580
1.560
1.490
1.470
1.430
1.400
1.360
1.300
1.260
1.200
1.130
1.070
0.990
0.910
0.810
0.660
0.470
0.270
0.030
-0.190
-0.410
-0.570
-0.730
-0.860
-0.950
-1.020
-1.090
-1.160
-1.210
-1.290
-1.340
-1.370
-1.400
-1.430
-1.450
-1.450
-1.430
-1.460
-1.430
-1.440
-1.440
-1.410
-1.410
-1.410
-1.410
-1.400
-1.410
-1.400
-1.390
-1.370
-1.370
-1.360
-1.350
-1.360
-1.340
-1.310
-1.320
-1.300
-1.290
-1.310
-1.300
-1.270
-1.250
-1.250
-1.250
-1.210
-1.210
-1.180
-1.180
-1.180
-1.140
-1.120
-1.090
-1.070
-1.040
-1.020
-1.000
-0.990
-0.970
-0.950
-0.950
-0.940
-0.940
-0.920
-0.890
-0.880
-0.880
-0.850
-0.840
-0.810
-0.800
-0.790
-0.780
-0.760
-0.750
-0.740
-0.730
-0.710
-0.700
-0.690
-0.690
-0.670
-0.660
-0.650
-0.650
-0.650
-0.640
-0.620
-0.610
-0.600
-0.590
-0.590
-0.590
-0.560
-0.560
-0.550
-0.540
-0.520
-0.510
-0.480
-0.470
-0.460
-0.430
-0.410
-0.380
-0.370
-0.350
-0.330
-0.320
-0.290
-0.270
-0.230
-0.170
-0.130
-0.080
-0.030
0.000
0.080
0.120
0.210
0.310
0.430
0.540
0.650
0.780
0.890
0.990
1.080
1.170
1.250
1.310
1.390
1.450
1.510
1.560
1.610
1.690
1.750
1.760
1.800
1.820
1.820
1.820
1.850
1.840
1.840
1.840
1.840
1.850
1.900
1.930
1.950
1.980
2.010
2.020
2.020
2.040
2.050
2.050
2.060
2.080
2.080
2.080
2.060
2.060
2.060
2.050
2.060
2.080
2.060
2.060
2.060
2.020
2.010
1.940
1.900
1.820
1.760
1.690
1.680
1.600
1.520
1.420
1.350
1.250
1.150
1.020
0.870
0.710
0.540
0.320
0.090
-0.110
-0.330
-0.510
-0.670
-0.800
-0.920
-1.020
-1.110
-1.180
-1.260
-1.340
-1.370
-1.430
-1.440
-1.480
-1.460
-1.490
-1.530
-1.550
-1.540
-1.540
-1.550
-1.550
-1.550
-1.540
-1.540
-1.540
-1.510
-1.490
-1.460
-1.430
-1.390
-1.370
-1.360
-1.340
-1.310
-1.310
-1.320
-1.310
-1.310
-1.290
-1.260
-1.250
-1.240
-1.210
-1.210
-1.180
-1.160
-1.140
-1.130
-1.110
-1.070
-1.060
-1.030
-1.020
-1.000
-0.990
-0.950
-0.930
-0.900
-0.880
-0.860
-0.850
-0.810
-0.800
-0.790
-0.780
-0.760
-0.740
-0.730
-0.710
-0.690
-0.670
-0.660
-0.650
-0.650
-0.640
-0.640
-0.620
-0.620
-0.620
-0.610
-0.600
-0.600
-0.590
-0.570
-0.560
-0.560
-0.560
-0.560
-0.560
-0.560
-0.560
-0.560
-0.560
-0.550
-0.540
-0.520
-0.510
-0.510
-0.510
-0.510
-0.500
-0.510
-0.500
-0.480
-0.480
-0.470
-0.450
-0.450
-0.450
-0.420
-0.430
-0.420
-0.410
-0.400
-0.380
-0.370
-0.350
-0.320
-0.290
-0.270
-0.230
-0.190
-0.150
-0.100
-0.040
0.040
0.110
0.170
0.220
0.280
0.320
0.360
0.410
0.450
0.500
0.550
0.620
0.670
0.740
0.800
0.850
0.910
0.950
1.020
1.040
1.070
1.120
1.150
1.190
1.210
1.260
1.310
1.350
1.380
1.420
1.430
1.470
1.510
1.520
1.580
1.580
1.630
1.690
1.750
1.760
1.820
1.820
1.850
1.850
1.910
1.900
1.910
1.930
1.940
1.940
1.970
1.980
2.020
2.010
2.020
2.010
1.980
1.950
1.940
1.950
1.940
1.950
1.940
1.940
1.940
1.940
1.930
1.930
1.930
1.890
1.850
1.850
1.800
1.750
1.730
1.680
1.620
1.580
1.520
1.470
1.390
1.290
1.170
1.030
0.850
0.660
0.450
0.210
0.000
-0.170
-0.340
-0.480
-0.600
-0.690
-0.780
-0.860
-0.930
-1.000
-1.090
-1.160
-1.220
-1.290
-1.340
-1.370
-1.390
-1.400
-1.400
-1.400
-1.390
-1.400
-1.410
-1.430
-1.400
-1.400
-1.410
-1.400
-1.390
-1.360
-1.370
-1.320
-1.290
-1.250
-1.210
-1.180
-1.160
-1.170
-1.160
-1.160
-1.170
-1.160
-1.170
-1.170
-1.180
-1.180
-1.200
-1.180
-1.180
-1.170
-1.160
-1.120
-1.110
-1.090
-1.070
-1.040
-1.020
-1.000
-0.990
-0.980
-0.980
-0.980
-0.970
-0.970
-0.970
-0.950
-0.950
-0.940
-0.930
-0.920
-0.900
-0.890
-0.890
-0.880
-0.850
-0.840
-0.810
-0.790
-0.780
-0.760
-0.750
-0.740
-0.730
-0.730
-0.730
-0.710
-0.710
-0.710
-0.700
-0.670
-0.650
-0.650
-0.620
-0.610
-0.600
-0.590
-0.570
-0.570
-0.560
-0.560
-0.560
-0.550
-0.540
-0.540
-0.540
-0.520
-0.510
-0.510
-0.510
-0.510
-0.510
-0.500
-0.480
-0.480
-0.470
-0.460
-0.450
-0.430
-0.420
-0.420
-0.410
-0.410
-0.400
-0.400
-0.370
-0.360
-0.330
-0.310
-0.290
-0.270
-0.240
-0.230
-0.220
-0.190
-0.150
-0.140
-0.090
-0.050
0.000
0.080
0.110
0.170
0.220
0.270
0.340
0.400
0.450
0.530
0.590
0.660
0.740
0.800
0.850
0.910
0.970
1.020
1.040
1.070
1.100
1.130
1.160
1.190
1.210
1.260
1.300
1.360
1.420
1.450
1.490
1.510
1.530
1.570
1.580
1.610
1.670
1.710
1.720
1.750
1.760
1.760
1.760
1.780
1.780
1.780
1.800
1.820
1.810
1.820
1.840
1.810
1.800
1.780
1.780
1.780
1.800
1.780
1.800
1.780
1.800
1.820
1.850
1.890
1.930
1.910
1.910
1.890
1.850
1.800
1.730
1.620
1.580
1.490
1.420
1.340
1.250
1.130
0.990
0.880
0.720
0.520
0.280
0.000
-0.230
-0.440
-0.620
-0.780
-0.910
-1.000
-1.060
-1.120
-1.170
-1.180
-1.210
-1.220
-1.250
-1.260
-1.260
-1.290
-1.290
-1.300
-1.270
-1.260
-1.250
-1.260
-1.270
-1.270
-1.290
-1.290
-1.290
-1.270
-1.260
-1.240
-1.220
-1.210
-1.200
-1.180
-1.200
-1.180
-1.180
-1.180
-1.170
-1.170
-1.160
-1.160
-1.120
-1.110
-1.110
-1.090
-1.070
-1.040
-1.020
-0.990
-0.970
-0.950
-0.940
-0.920
-0.900
-0.900
-0.880
-0.880
-0.840
-0.830
-0.800
-0.790
-0.780
-0.750
-0.730
-0.710
-0.710
-0.700
-0.690
-0.690
-0.670
-0.670
-0.670
-0.660
-0.650
-0.650
-0.640
-0.620
-0.610
-0.600
-0.590
-0.590
-0.570
-0.570
-0.570
-0.560
-0.570
-0.560
-0.560
-0.550
-0.540
-0.540
-0.520
-0.520
-0.510
-0.510
-0.500
-0.480
-0.480
-0.470
-0.470
-0.460
-0.450
-0.430
-0.410
-0.400
-0.370
-0.350
-0.320
-0.290
-0.260
-0.230
-0.210
-0.170
-0.140
-0.100
-0.080
-0.030
0.000
0.060
0.090
0.160
0.210
0.250
0.310
0.350
0.400
0.440
0.490
0.520
0.550
0.590
0.620
0.660
0.700
0.740
0.760
0.810
0.840
0.880
0.930
0.950
1.020
1.040
1.080
1.130
1.150
1.170
1.200
1.240
1.270
1.310
1.350
1.380
1.400
1.430
1.470
1.490
1.520
1.520
1.560
1.580
1.600
1.620
1.680
1.690
1.710
1.710
1.760
1.780
1.810
1.810
1.810
1.810
1.810
1.800
1.800
1.780
1.760
1.800
1.800
1.780
1.780
1.730
1.690
1.630
1.580
1.560
1.510
1.470
1.420
1.420
1.400
1.380
1.350
1.290
1.250
1.170
1.130
1.030
0.940
0.870
0.800
0.700
0.590
0.520
0.390
0.250
0.090
-0.050
-0.190
-0.340
-0.460
-0.560
-0.670
-0.750
-0.810
-0.860
-0.940
-1.000
-1.080
-1.160
-1.200
-1.250
-1.270
-1.320
-1.350
-1.340
-1.320
-1.340
-1.320
-1.340
-1.340
-1.320
-1.340
-1.310
-1.310
-1.310
-1.300
-1.290
-1.290
-1.300
-1.300
-1.310
-1.350
-1.340
-1.350
-1.350
-1.320
-1.310
-1.290
-1.260
-1.250
-1.220
-1.210
-1.200
-1.180
-1.170
-1.170
-1.130
-1.120
-1.080
-1.080
-1.030
-1.030
-0.990
-0.970
-0.940
-0.920
-0.920
-0.880
-0.860
-0.850
-0.840
-0.840
-0.830
-0.810
-0.810
-0.790
-0.790
-0.760
-0.750
-0.740
-0.740
-0.730
-0.700
-0.690
-0.670
-0.670
-0.650
-0.650
-0.640
-0.620
-0.620
-0.610
-0.610
-0.600
-0.600
-0.590
-0.570
-0.560
-0.550
-0.550
-0.540
-0.520
-0.510
-0.510
-0.480
-0.480
-0.470
-0.460
-0.450
-0.420
-0.410
-0.400
-0.380
-0.370
-0.350
-0.320
-0.290
-0.280
-0.280
-0.270
-0.270
-0.260
-0.270
-0.270
-0.270
-0.260
-0.240
-0.230
-0.220
-0.180
-0.150
-0.100
-0.040
0.040
0.110
0.180
0.230
0.300
0.350
0.430
0.490
0.540
0.620
0.670
0.720
0.760
0.810
0.840
0.880
0.910
0.950
0.990
1.040
1.070
1.080
1.100
1.130
1.150
1.160
1.200
1.240
1.250
1.270
1.290
1.340
1.310
1.340
1.310
1.350
1.380
1.360
1.390
1.400
1.450
1.450
1.480
1.490
1.510
1.490
1.520
1.520
1.510
1.510
1.520
1.520
1.530
1.510
1.510
1.490
1.480
1.480
1.470
1.470
1.470
1.470
1.430
1.430
1.420
1.420
1.430
1.420
1.430
1.450
1.450
1.430
1.400
1.360
1.290
1.210
1.080
0.980
0.870
0.710
0.550
0.360
0.170
-0.030
-0.190
-0.360
-0.480
-0.610
-0.720
-0.810
-0.880
-0.940
-0.990
-1.060
-1.110
-1.140
-1.180
-1.180
-1.210
-1.210
-1.240
-1.210
-1.240
-1.250
-1.260
-1.250
-1.260
-1.250
-1.250
-1.250
-1.240
-1.220
-1.180
-1.180
-1.140
-1.120
-1.110
-1.090
-1.080
-1.070
-1.060
-1.040
-1.030
-1.040
-1.030
-1.020
-1.020
-1.000
-0.990
-0.980
-0.980
-0.950
-0.940
-0.920
-0.920
-0.880
-0.860
-0.850
-0.830
-0.800
-0.800
-0.780
-0.780
-0.750
-0.740
-0.730
-0.700
-0.690
-0.670
-0.690
-0.660
-0.650
-0.650
-0.640
-0.610
-0.600
-0.590
-0.590
-0.560
-0.560
-0.540
-0.540
-0.520
-0.520
-0.520
-0.520
-0.520
-0.520
-0.510
-0.500
-0.480
-0.470
-0.460
-0.450
-0.450
-0.430
-0.430
-0.420
-0.410
-0.400
-0.380
-0.370
-0.370
-0.360
-0.360
-0.350
-0.350
-0.330
-0.320
-0.310
-0.290
-0.290
-0.270
-0.270
-0.260
-0.260
-0.240
-0.240
-0.220
-0.210
-0.180
-0.150
-0.140
-0.110
-0.100
-0.090
-0.080
-0.060
-0.050
-0.050
-0.050
-0.050
-0.050
-0.050
-0.040
-0.040
-0.030
0.000
0.000
0.040
0.080
0.110
0.120
0.160
0.160
0.160
0.170
0.180
0.190
0.220
0.250
0.310
0.350
0.410
0.450
0.520
0.550
0.590
0.650
0.670
0.740
0.800
0.840
0.890
0.940
0.980
0.990
1.020
1.030
1.060
1.070
1.100
1.130
1.160
1.190
1.210
1.250
1.290
1.310
1.350
1.390
1.400
1.450
1.450
1.480
1.490
1.520
1.560
1.560
1.580
1.610
1.620
1.630
1.680
1.680
1.680
1.670
1.680
1.580
1.570
1.510
1.480
1.450
1.430
1.400
1.430
1.420
1.450
1.480
1.470
1.480
1.470
1.400
1.360
1.270
1.200
1.120
0.990
0.880
0.710
0.520
0.320
0.130
-0.050
-0.230
-0.370
-0.490
-0.600
-0.690
-0.770
-0.850
-0.890
-0.980
-1.020
-1.060
-1.080
-1.120
-1.120
-1.110
-1.110
-1.040
-0.990
-0.990
-0.970
-0.950
-0.940
-0.940
-0.940
-0.950
-0.970
-0.950
-0.970
-0.970
-0.990
-0.980
-0.990
-1.000
-0.990
-1.000
-0.990
-0.950
-0.950
-0.940
-0.940
-0.930
-0.930
-0.920
-0.920
-0.900
-0.920
-0.930
-0.950
-0.940
-0.950
-0.940
-0.930
-0.920
-0.890
-0.880
-0.860
-0.850
-0.850
-0.830
-0.800
-0.790
-0.780
-0.760
-0.760
-0.740
-0.730
-0.710
-0.710
-0.700
-0.690
-0.670
-0.660
-0.650
-0.650
-0.640
-0.640
-0.650
-0.650
-0.660
-0.650
-0.620
-0.610
-0.610
-0.600
-0.590
-0.590
-0.570
-0.560
-0.540
-0.540
-0.520
-0.510
-0.510
-0.500
-0.480
-0.480
-0.460
-0.430
-0.420
-0.420
-0.420
-0.430
-0.430
-0.470
-0.460
-0.430
-0.400
-0.400
-0.400
-0.400
-0.400
-0.380
-0.370
-0.360
-0.350
-0.330
-0.330
-0.310
-0.320
-0.310
-0.310
-0.290
-0.280
-0.270
-0.240
-0.230
-0.230
-0.220
-0.190
-0.190
-0.180
-0.170
-0.150
-0.140
-0.110
-0.090
-0.080
-0.060
-0.040
-0.040
-0.030
-0.030
-0.040
-0.030
0.000
0.000
0.080
0.130
0.220
0.280
0.350
0.400
0.450
0.500
0.550
0.610
0.650
0.710
0.780
0.850
0.930
0.980
1.030
1.070
1.100
1.120
1.150
1.160
1.200
1.240
1.270
1.310
1.360
1.390
1.420
1.430
1.450
1.470
1.480
1.490
1.530
1.570
1.610
1.620
1.620
1.620
1.620
1.630
1.630
1.620
1.600
1.580
1.570
1.560
1.510
1.480
1.450
1.420
1.390
1.390
1.390
1.420
1.420
1.420
1.470
1.470
1.430
1.390
1.380
1.350
1.300
1.250
1.170
1.120
1.020
0.910
0.800
0.660
0.530
0.350
0.160
-0.040
-0.230
-0.430
-0.610
-0.770
-0.910
-1.020
-1.080
-1.130
-1.170
-1.200
-1.200
-1.180
-1.200
-1.210
-1.210
-1.210
-1.240
-1.250
-1.290
-1.300
-1.300
-1.290
-1.340
-1.300
-1.310
-1.300
-1.290
-1.290
-1.290
-1.270
-1.260
-1.250
-1.240
-1.200
-1.180
-1.160
-1.130
-1.110
-1.080
-1.060
-1.020
-0.990
-0.970
-0.950
-0.920
-0.890
-0.860
-0.850
-0.840
-0.830
-0.810
-0.800
-0.790
-0.760
-0.740
-0.710
-0.690
-0.660
-0.620
-0.600
-0.590
-0.590
-0.560
-0.570
-0.560
-0.550
-0.540
-0.540
-0.520
-0.520
-0.510
-0.500
-0.480
-0.470
-0.450
-0.420
-0.410
-0.410
-0.410
-0.410
-0.410
-0.410
-0.410
-0.410
-0.410
-0.400
-0.380
-0.370
-0.360
-0.350
-0.330
-0.320
-0.310
-0.290
-0.280
-0.290
-0.290
-0.270
-0.260
-0.220
-0.170
-0.140
-0.100
-0.060
0.000
0.040
0.120
0.220
0.300
0.350
0.430
0.490
0.550
0.610
0.670
0.740
0.780
0.810
0.830
0.840
0.870
0.880
0.890
0.930
0.940
0.980
1.030
1.060
1.080
1.100
1.120
1.100
1.080
1.080
1.080
1.080
1.120
1.130
1.160
1.190
1.210
1.240
1.240
1.260
1.270
1.300
1.300
1.340
1.360
1.380
1.400
1.420
1.430
1.450
1.470
1.480
1.520
1.600
1.630
1.730
1.810
1.820
1.850
1.860
1.860
1.860
1.860
1.860
1.850
1.850
1.820
1.810
1.820
1.850
1.890
1.900
1.890
1.860
1.850
1.820
1.780
1.710
1.620
1.520
1.420
1.310
1.210
1.080
0.950
0.780
0.590
0.400
0.190
0.000
-0.190
-0.380
-0.550
-0.710
-0.820
-0.940
-1.000
-1.080
-1.120
-1.160
-1.200
-1.240
-1.250
-1.260
-1.290
-1.310
-1.320
-1.340
-1.350
-1.340
-1.340
-1.300
-1.270
-1.270
-1.260
-1.220
-1.220
-1.180
-1.170
-1.160
-1.140
-1.130
-1.120
-1.120
-1.120
-1.110
-1.110
-1.120
-1.090
-1.080
-1.080
-1.070
-1.090
-1.110
-1.110
-1.130
-1.120
-1.130
-1.120
-1.120
-1.120
-1.090
-1.080
-1.060
-1.020
-0.980
-0.940
-0.900
-0.860
-0.830
-0.800
-0.790
-0.780
-0.790
-0.760
-0.760
-0.750
-0.740
-0.740
-0.730
-0.730
-0.730
-0.710
-0.710
-0.700
-0.690
-0.670
-0.660
-0.650
-0.640
-0.610
-0.600
-0.570
-0.570
-0.570
-0.570
-0.560
-0.570
-0.560
-0.560
-0.560
-0.550
-0.550
-0.540
-0.540
-0.520
-0.520
-0.510
-0.500
-0.480
-0.480
-0.470
-0.470
-0.460
-0.450
-0.450
-0.450
-0.450
-0.470
-0.480
-0.480
-0.480
-0.480
-0.470
-0.470
-0.460
-0.450
-0.430
-0.400
-0.370
-0.360
-0.350
-0.330
-0.330
-0.330
-0.310
-0.260
-0.180
-0.130
-0.080
-0.030
0.000
0.080
0.120
0.190
0.280
0.360
0.440
0.530
0.590
0.650
0.700
0.740
0.780
0.810
0.850
0.880
0.930
0.950
0.990
1.030
1.040
1.070
1.080
1.100
1.150
1.160
1.160
1.150
1.150
1.160
1.160
1.160
1.160
1.190
1.190
1.200
1.240
1.250
1.270
1.260
1.270
1.260
1.250
1.210
1.210
1.210
1.200
1.240
1.240
1.240
1.250
1.210
1.200
1.170
1.160
1.160
1.240
1.300
1.400
1.470
1.470
1.420
1.380
1.250
1.150
1.040
0.930
0.850
0.810
0.780
0.800
0.830
0.850
0.870
0.870
0.870
0.850
0.830
0.750
0.630
0.500
0.310
0.080
-0.130
-0.300
-0.470
-0.570
-0.610
-0.630
-0.630
-0.620
-0.620
-0.640
-0.660
-0.710
-0.760
-0.850
-0.930
-1.020
-1.070
-1.070
-0.930
-0.650
-0.370
-0.210
-0.140
-0.090
-0.080
-0.080
-0.080
-0.080
-0.080
-0.080
-0.080
-0.080
-0.080
-0.080
-0.080
-0.080
-0.090
-0.090
-0.130
-0.130
-0.140
-0.130
-0.110
-0.100
-0.100
-0.090
-0.080
-0.060
-0.060
-0.060
-0.080
-0.080
-0.080
-0.080
-0.080
-0.060
-0.060
-0.050
-0.050
-0.040
-0.040
-0.030
-0.030
-0.040
-0.030
-0.030
-0.030
-0.030
-0.030
0.000
0.000
0.000
0.030
0.000
0.030
0.030
0.030
0.040
0.040
0.040
0.040
0.000
-0.090
-0.100
-0.100
-0.090
-0.100
-0.110
-0.110
-0.140
-0.150
-0.180
-0.190
-0.190
-0.210
-0.280
-0.320
-0.350
-0.380
-0.420
-0.460
-0.500
-0.540
-0.590
-0.660
-0.730
-0.790
-0.860
-0.920
-0.970
-0.990
-1.000
-1.000
-1.000
-1.000
-0.980
-0.990
-0.990
-0.980
-0.970
-0.980
-0.980
-0.980
-1.000
-1.000
-0.970
-0.950
-0.940
-0.900
-0.880
-0.880
-0.850
-0.830
-0.800
-0.800
-0.790
-0.790
-0.760
-0.750
-0.740
-0.730
-0.710
-0.700
-0.690
-0.700
-0.690
-0.690
-0.660
-0.660
-0.640
-0.620
-0.600
-0.590
-0.570
-0.550
-0.540
-0.520
-0.510
-0.500
-0.480
-0.480
-0.470
-0.470
-0.470
-0.470
-0.470
-0.470
-0.460
-0.450
-0.450
-0.460
-0.460
-0.460
-0.470
-0.480
-0.500
-0.500
-0.480
-0.470
-0.430
-0.400
-0.350
-0.310
-0.280
-0.260
-0.240
-0.240
-0.240
-0.260
-0.260
-0.240
-0.230
-0.220
-0.220
-0.210
-0.170
-0.130
-0.090
-0.090
-0.090
-0.090
-0.080
-0.050
-0.030
0.000
0.000
0.000
0.000
0.000
0.030
0.000
0.000
0.000
0.000
-0.030
-0.030
-0.040
-0.040
-0.040
-0.050
-0.040
-0.040
-0.040
-0.040
-0.040
-0.030
-0.030
-0.030
0.000
0.000
0.000
0.000
0.000
0.000
0.000
0.000
0.000
0.000
0.000
0.000
0.000
0.000
0.030
0.040
0.060
0.060
0.080
0.080
0.080
0.080
0.080
0.090
0.090
0.110
0.120
0.130
0.160
0.160
0.170
0.160
0.120
0.090
0.110
0.090
0.090
0.090
0.080
0.090
0.130
0.360
0.490
0.560
0.750
0.810
0.850
0.850
0.980
1.060
1.130
1.190
1.240
1.260
1.300
1.310
1.340
1.340
1.350
1.380
1.420
1.470
1.480
1.520
1.570
1.580
1.620
1.670
1.690
1.730
1.760
1.780
1.820
1.850
1.860
1.860
1.810
1.810
1.810
1.810
1.820
1.820
1.850
1.860
1.890
1.860
1.860
1.860
1.840
1.820
1.810
1.780
1.730
1.720
1.710
1.710
1.710
1.680
1.690
1.680
1.630
1.610
1.560
1.480
1.380
1.250
1.080
0.880
0.630
0.390
0.080
-0.230
-0.520
-0.810
-1.050
-1.250
-1.390
-1.500
-1.600
-1.680
-1.740
-1.770
-1.760
-1.740
-1.770
-1.730
-1.700
-1.680
-1.670
-1.640
-1.640
-1.590
-1.540
-1.540
-1.500
-1.490
-1.460
-1.440
-1.400
-1.430
-1.390
-1.350
-1.350
-1.310
-1.310
-1.270
-1.260
-1.240
-1.220
-1.210
-1.180
-1.140
-1.120
-1.090
-1.070
-1.040
-1.020
-0.990
-0.970
-0.930
-0.930
-0.900
-0.880
-0.860
-0.840
-0.830
-0.790
-0.780
-0.740
-0.730
-0.700
-0.690
-0.660
-0.650
-0.640
-0.610
-0.610
-0.590
-0.560
-0.550
-0.540
-0.520
-0.510
-0.480
-0.470
-0.450
-0.430
-0.420
-0.410
-0.380
-0.370
-0.350
-0.310
-0.280
-0.220
-0.170
-0.110
-0.050
0.000
0.060
0.110
0.170
0.210
0.270
0.310
0.360
0.430
0.500
0.550
0.610
0.650
0.710
0.750
0.810
0.850
0.890
0.940
0.970
0.990
1.030
1.060
1.060
1.060
1.060
1.070
1.070
1.080
1.080
1.100
1.100
1.100
1.070
1.100
1.080
1.080
1.080
1.070
1.070
1.080
1.100
1.120
1.130
1.150
1.150
1.160
1.150
1.160
1.170
1.170
1.170
1.190
1.200
1.200
1.210
1.190
1.200
1.240
1.240
1.270
1.260
1.290
1.270
1.270
1.260
1.250
1.210
1.210
1.200
1.200
1.190
1.190
1.200
1.200
1.210
1.240
1.210
1.200
1.170
1.160
1.130
1.120
1.080
1.100
1.080
1.080
1.080
1.100
1.080
1.080
1.070
1.080
1.080
1.080
1.100
1.130
1.150
1.170
1.190
1.200
1.170
1.160
1.120
1.040
0.980
0.890
0.750
0.580
0.360
0.090
-0.150
-0.420
-0.680
-0.880
-1.060
-1.230
-1.300
-1.390
-1.490
-1.540
-1.540
-1.580
-1.590
-1.620
-1.620
-1.620
-1.600
-1.580
-1.590
-1.550
-1.530
-1.510
-1.480
-1.450
-1.400
-1.410
-1.370
-1.350
-1.310
-1.290
-1.260
-1.250
-1.210
-1.200
-1.170
-1.160
-1.140
-1.120
-1.110
-1.110
-1.080
-1.090
-1.070
-1.060
-1.040
-1.020
-1.000
-0.990
-0.970
-0.940
-0.900
-0.880
-0.850
-0.830
-0.800
-0.780
-0.740
-0.740
-0.710
-0.700
-0.690
-0.690
-0.690
-0.690
-0.690
-0.670
-0.660
-0.660
-0.650
-0.640
-0.620
-0.600
-0.600
-0.590
-0.590
-0.570
-0.570
-0.560
-0.550
-0.540
-0.520
-0.510
-0.500
-0.470
-0.460
-0.450
-0.430
-0.410
-0.400
-0.380
-0.380
-0.370
-0.370
-0.360
-0.360
-0.350
-0.330
-0.310
-0.290
-0.270
-0.240
-0.220
-0.190
-0.150
-0.090
-0.040
0.030
0.110
0.170
0.220
0.280
0.340
0.390
0.440
0.500
0.540
0.590
0.650
0.710
0.750
0.810
0.870
0.930
0.950
0.980
1.020
1.040
1.080
1.120
1.160
1.190
1.200
1.210
1.240
1.240
1.240
1.250
1.250
1.260
1.290
1.270
1.270
1.290
1.270
1.270
1.260
1.270
1.260
1.270
1.270
1.290
1.270
1.290
1.270
1.270
1.250
1.250
1.210
1.210
1.210
1.210
1.200
1.200
1.200
1.190
1.190
1.170
1.150
1.130
1.100
1.100
1.100
1.080
1.080
1.070
1.080
1.040
1.020
0.970
0.930
0.850
0.760
0.630
0.500
0.310
0.120
-0.060
-0.250
-0.430
-0.580
-0.730
-0.850
-0.940
-0.990
-1.040
-1.080
-1.120
-1.160
-1.170
-1.170
-1.180
-1.180
-1.180
-1.180
-1.200
-1.210
-1.210
-1.210
-1.200
-1.200
-1.180
-1.180
-1.180
-1.180
-1.170
-1.140
-1.140
-1.120
-1.110
-1.080
-1.060
-1.040
-1.000
-0.990
-0.980
-0.950
-0.940
-0.930
-0.900
-0.890
-0.890
-0.860
-0.850
-0.840
-0.830
-0.810
-0.800
-0.800
-0.780
-0.780
-0.780
-0.750
-0.750
-0.730
-0.730
-0.730
-0.730
-0.710
-0.690
-0.670
-0.660
-0.650
-0.640
-0.620
-0.610
-0.590
-0.590
-0.560
-0.550
-0.550
-0.540
-0.520
-0.520
-0.520
-0.500
-0.480
-0.460
-0.450
-0.430
-0.420
-0.420
-0.410
-0.410
-0.400
-0.400
-0.400
-0.380
-0.370
-0.360
-0.350
-0.330
-0.320
-0.290
-0.280
-0.280
-0.270
-0.260
-0.260
-0.240
-0.220
-0.190
-0.170
-0.150
-0.130
-0.110
-0.090
-0.080
-0.060
-0.040
0.000
0.000
0.040
0.080
0.090
0.120
0.170
0.220
0.280
0.350
0.430
0.490
0.540
0.610
0.660
0.710
0.760
0.810
0.850
0.910
0.950
0.990
1.030
1.070
1.080
1.120
1.130
1.130
1.130
1.130
1.170
1.190
1.210
1.210
1.240
1.210
1.210
1.210
1.200
1.200
1.170
1.160
1.160
1.160
1.150
1.160
1.160
1.150
1.160
1.160
1.170
1.170
1.200
1.200
1.210
1.260
1.270
1.270
1.300
1.340
1.350
1.350
1.380
1.360
1.360
1.360
1.380
1.380
1.360
1.390
1.390
1.400
1.400
1.430
1.430
1.470
1.480
1.480
1.450
1.400
1.390
1.350
1.340
1.270
1.200
1.160
1.060
0.970
0.830
0.670
0.500
0.310
0.080
-0.130
-0.340
-0.550
-0.730
-0.900
-1.040
-1.120
-1.180
-1.250
-1.310
-1.360
-1.390
-1.400
-1.410
-1.430
-1.430
-1.430
-1.400
-1.400
-1.370
-1.350
-1.340
-1.310
-1.310
-1.290
-1.260
-1.240
-1.240
-1.240
-1.200
-1.180
-1.170
-1.160
-1.120
-1.110
-1.080
-1.080
-1.070
-1.040
-1.030
-1.000
-1.000
-0.980
-0.950
-0.940
-0.930
-0.900
-0.880
-0.860
-0.840
-0.830
-0.810
-0.800
-0.780
-0.760
-0.740
-0.730
-0.710
-0.690
-0.670
-0.660
-0.650
-0.640
-0.640
-0.620
-0.610
-0.600
-0.590
-0.590
-0.570
-0.550
-0.540
-0.520
-0.510
-0.500
-0.470
-0.470
-0.460
-0.430
-0.430
-0.430
-0.430
-0.410
-0.400
-0.380
-0.380
-0.370
-0.360
-0.350
-0.330
-0.320
-0.310
-0.290
-0.290
-0.280
-0.270
-0.270
-0.260
-0.260
-0.260
-0.260
-0.260
-0.260
-0.260
-0.260
-0.240
-0.230
-0.230
-0.220
-0.210
-0.210
-0.190
-0.190
-0.180
-0.190
-0.190
-0.190
-0.180
-0.150
-0.130
-0.100
-0.060
-0.030
0.030
0.080
0.130
0.190
0.230
0.280
0.320
0.390
0.440
0.490
0.530
0.550
0.590
0.620
0.650
0.670
0.710
0.750
0.780
0.810
0.830
0.850
0.880
0.890
0.890
0.910
0.910
0.930
0.940
0.950
0.970
0.980
0.980
0.990
0.990
1.020
1.020
1.030
1.060
1.070
1.080
1.080
1.100
1.130
1.130
1.150
1.150
1.150
1.160
1.150
1.150
1.150
1.170
1.190
1.170
1.190
1.170
1.190
1.190
1.190
1.200
1.190
1.200
1.200
1.200
1.190
1.170
1.200
1.170
1.170
1.160
1.150
1.130
1.130
1.130
1.150
1.130
1.130
1.120
1.120
1.120
1.120
1.100
1.100
1.100
1.120
1.120
1.120
1.120
1.120
1.120
1.100
1.070
1.030
0.970
0.910
0.850
0.750
0.630
0.470
0.280
0.060
-0.150
-0.340
-0.520
-0.680
-0.820
-0.950
-1.050
-1.120
-1.180
-1.240
-1.290
-1.340
-1.350
-1.370
-1.400
-1.400
-1.410
-1.430
-1.400
-1.390
-1.360
-1.320
-1.290
-1.300
-1.310
-1.290
-1.290
-1.250
-1.250
-1.250
-1.220
-1.220
-1.200
-1.200
-1.170
-1.170
-1.170
-1.160
-1.140
-1.130
-1.120
-1.110
-1.090
-1.070
-1.040
-1.030
-1.000
-1.000
-0.970
-0.970
-0.940
-0.920
-0.890
-0.880
-0.860
-0.850
-0.830
-0.810
-0.780
-0.760
-0.740
-0.730
-0.710
-0.700
-0.690
-0.670
-0.660
-0.660
-0.650
-0.640
-0.640
-0.620
-0.600
-0.590
-0.570
-0.550
-0.550
-0.540
-0.520
-0.500
-0.480
-0.470
-0.460
-0.450
-0.450
-0.430
-0.410
-0.410
-0.410
-0.400
-0.380
-0.370
-0.360
-0.360
-0.350
-0.330
-0.320
-0.310
-0.280
-0.270
-0.260
-0.240
-0.220
-0.210
-0.180
-0.170
-0.150
-0.150
-0.140
-0.140
-0.130
-0.130
-0.130
-0.110
-0.100
-0.090
-0.080
-0.050
-0.040
0.000
0.000
0.000
0.000
0.040
0.040
0.060
0.080
0.090
0.110
0.120
0.130
0.160
0.160
0.160
0.130
0.130
0.130
0.160
0.190
0.250
0.340
0.410
0.500
0.590
0.670
0.780
0.880
0.980
1.060
1.120
1.170
1.210
1.250
1.270
1.310
1.380
1.420
1.480
1.530
1.600
1.630
1.690
1.730
1.750
1.730
1.760
1.750
1.750
1.720
1.720
1.720
1.710
1.710
1.690
1.680
1.670
1.610
1.600
1.580
1.560
1.520
1.510
1.480
1.450
1.420
1.380
1.310
1.270
1.250
1.200
1.150
1.100
1.060
0.980
0.890
0.780
0.660
0.530
0.360
0.210
0.060
-0.090
-0.240
-0.390
-0.550
-0.680
-0.810
-0.940
-1.020
-1.090
-1.170
-1.220
-1.290
-1.310
-1.340
-1.370
-1.370
-1.390
-1.370
-1.370
-1.350
-1.320
-1.310
-1.310
-1.300
-1.300
-1.270
-1.260
-1.260
-1.250
-1.260
-1.240
-1.210
-1.180
-1.180
-1.140
-1.130
-1.110
-1.090
-1.080
-1.040
-1.020
-1.000
-0.980
-0.950
-0.930
-0.900
-0.880
-0.860
-0.830
-0.810
-0.800
-0.780
-0.760
-0.750
-0.740
-0.730
-0.710
-0.700
-0.700
-0.670
-0.660
-0.640
-0.610
-0.600
-0.590
-0.560
-0.550
-0.550
-0.540
-0.510
-0.500
-0.480
-0.470
-0.450
-0.430
-0.420
-0.410
-0.400
-0.400
-0.380
-0.380
-0.380
-0.370
-0.360
-0.370
-0.360
-0.350
-0.350
-0.330
-0.330
-0.330
-0.330
-0.320
-0.320
-0.310
-0.290
-0.290
-0.280
-0.270
-0.260
-0.230
-0.220
-0.210
-0.210
-0.190
-0.180
-0.170
-0.150
-0.150
-0.140
-0.140
-0.140
-0.110
-0.090
-0.090
-0.080
-0.060
-0.050
-0.030
0.000
0.000
0.000
0.030
0.060
0.080
0.090
0.130
0.180
0.220
0.270
0.340
0.410
0.470
0.540
0.590
0.650
0.710
0.760
0.830
0.880
0.940
0.980
1.060
1.100
1.160
1.200
1.250
1.290
1.310
1.350
1.380
1.400
1.400
1.390
1.400
1.420
1.430
1.490
1.520
1.580
1.600
1.620
1.610
1.630
1.670
1.670
1.680
1.680
1.690
1.690
1.690
1.720
1.720
1.720
1.730
1.750
1.720
1.720
1.730
1.710
1.690
1.690
1.710
1.710
1.710
1.670
1.670
1.680
1.620
1.630
1.630
1.670
1.690
1.710
1.710
1.690
1.680
1.670
1.620
1.620
1.610
1.610
1.580
1.560
1.480
1.430
1.360
1.250
1.150
0.990
0.840
0.630
0.400
0.120
-0.150
-0.430
-0.680
-0.870
-1.050
-1.180
-1.240
-1.320
-1.390
-1.440
-1.440
-1.480
-1.480
-1.490
-1.500
-1.540
-1.510
-1.530
-1.550
-1.530
-1.570
-1.540
-1.540
-1.540
-1.550
-1.550
-1.530
-1.510
-1.500
-1.500
-1.480
-1.460
-1.480
-1.430
-1.410
-1.440
-1.410
-1.430
-1.390
-1.360
-1.350
-1.300
-1.250
-1.210
-1.180
-1.170
-1.120
-1.080
-1.060
-1.020
-0.990
-0.950
-0.920
-0.890
-0.880
-0.850
-0.840
-0.810
-0.800
-0.790
-0.780
-0.780
-0.760
-0.760
-0.740
-0.730
-0.710
-0.690
-0.670
-0.660
-0.660
-0.650
-0.640
-0.620
-0.600
-0.600
-0.590
-0.570
-0.570
-0.570
-0.550
-0.550
-0.550
-0.550
-0.540
-0.520
-0.520
-0.520
-0.510
-0.500
-0.480
-0.470
-0.450
-0.450
-0.430
-0.410
-0.400
-0.380
-0.360
-0.350
-0.350
-0.330
-0.330
-0.330
-0.320
-0.330
-0.330
-0.320
-0.320
-0.310
-0.310
-0.290
-0.280
-0.280
-0.270
-0.260
-0.240
-0.230
-0.230
-0.230
-0.220
-0.210
-0.180
-0.170
-0.150
-0.130
-0.110
-0.080
-0.060
-0.040
0.000
0.000
0.030
0.080
0.130
0.230
0.350
0.450
0.560
0.660
0.720
0.750
0.780
0.810
0.830
0.850
0.880
0.910
0.930
0.970
0.980
0.990
1.040
1.070
1.100
1.120
1.160
1.170
1.200
1.240
1.270
1.310
1.360
1.400
1.420
1.420
1.470
1.490
1.510
1.520
1.530
1.580
1.610
1.610
1.620
1.630
1.630
1.670
1.630
1.610
1.600
1.570
1.570
1.530
1.530
1.560
1.580
1.610
1.620
1.670
1.630
1.620
1.620
1.560
1.530
1.520
1.470
1.430
1.420
1.390
1.390
1.380
1.350
1.270
1.190
1.080
0.980
0.840
0.650
0.450
0.220
0.000
-0.240
-0.460
-0.630
-0.780
-0.910
-1.010
-1.070
-1.110
-1.140
-1.160
-1.180
-1.180
-1.180
-1.210
-1.210
-1.220
-1.250
-1.240
-1.240
-1.240
-1.240
-1.240
-1.210
-1.210
-1.200
-1.210
-1.220
-1.220
-1.210
-1.210
-1.220
-1.200
-1.180
-1.180
-1.160
-1.130
-1.110
-1.080
-1.080
-1.040
-1.030
-1.000
-0.990
-0.950
-0.940
-0.900
-0.890
-0.850
-0.860
-0.850
-0.840
-0.830
-0.800
-0.790
-0.780
-0.750
-0.740
-0.730
-0.710
-0.710
-0.700
-0.690
-0.690
-0.670
-0.660
-0.660
-0.650
-0.650
-0.640
-0.620
-0.610
-0.600
-0.600
-0.590
-0.570
-0.570
-0.570
-0.570
-0.570
-0.560
-0.550
-0.540
-0.540
-0.540
-0.520
-0.510
-0.500
-0.500
-0.480
-0.480
-0.470
-0.470
-0.470
-0.460
-0.450
-0.450
-0.430
-0.420
-0.410
-0.400
-0.380
-0.370
-0.360
-0.350
-0.330
-0.330
-0.330
-0.320
-0.320
-0.310
-0.310
-0.290
-0.280
-0.270
-0.260
-0.240
-0.230
-0.220
-0.190
-0.190
-0.180
-0.170
-0.170
-0.150
-0.150
-0.140
-0.130
-0.130
-0.110
-0.110
-0.110
-0.110
-0.110
-0.110
-0.130
-0.150
-0.150
-0.180
-0.170
-0.140
-0.110
-0.100
-0.110
-0.100
-0.090
-0.050
-0.040
0.000
0.000
0.000
0.000
0.030
0.040
0.040
0.030
0.000
0.000
0.000
0.000
0.000
0.000
0.000
-0.030
0.000
-0.030
-0.030
-0.030
-0.030
-0.040
-0.040
-0.030
-0.030
-0.030
0.000
0.000
0.000
0.000
0.000
0.000
0.000
0.000
0.000
0.030
0.000
0.000
0.000
0.000
0.000
0.000
0.030
0.040
0.030
0.040
0.060
0.080
0.080
0.060
0.060
0.080
0.060
0.080
0.080
0.080
0.090
0.110
0.120
0.120
0.120
0.130
0.160
0.170
0.170
0.160
0.120
0.110
0.110
0.130
0.450
0.560
0.650
0.720
0.750
1.030
1.200
1.260
1.290
1.340
1.360
1.380
1.400
1.430
1.490
1.530
1.580
1.610
1.620
1.670
1.690
1.690
1.710
1.720
1.730
1.730
1.730
1.730
1.750
1.710
1.730
1.730
1.750
1.760
1.800
1.810
1.850
1.860
1.900
1.950
2.010
2.040
2.060
2.090
2.130
2.140
2.130
2.140
2.130
2.100
2.080
2.050
1.980
1.950
1.940
1.930
1.910
1.930
1.890
1.860
1.840
1.760
1.710
1.610
1.510
1.390
1.250
1.070
0.850
0.590
0.300
0.000
-0.320
-0.600
-0.820
-0.970
-1.060
-1.110
-1.170
-1.180
-1.220
-1.220
-1.250
-1.290
-1.320
-1.340
-1.360
-1.370
-1.390
-1.400
-1.410
-1.410
-1.430
-1.400
-1.390
-1.390
-1.390
-1.390
-1.360
-1.360
-1.350
-1.320
-1.310
-1.300
-1.270
-1.250
-1.240
-1.240
-1.210
-1.210
-1.180
-1.170
-1.170
-1.130
-1.120
-1.080
-1.060
-1.040
-1.020
-1.000
-0.980
-0.970
-0.970
-0.940
-0.900
-0.890
-0.880
-0.880
-0.860
-0.850
-0.840
-0.830
-0.810
-0.800
-0.800
-0.790
-0.760
-0.760
-0.740
-0.730
-0.710
-0.690
-0.670
-0.660
-0.650
-0.640
-0.620
-0.620
-0.610
-0.600
-0.600
-0.590
-0.560
-0.550
-0.550
-0.520
-0.520
-0.510
-0.510
-0.500
-0.500
-0.480
-0.470
-0.460
-0.450
-0.430
-0.430
-0.420
-0.410
-0.380
-0.370
-0.360
-0.350
-0.320
-0.290
-0.260
-0.220
-0.180
-0.140
-0.100
-0.080
-0.050
-0.030
0.000
0.030
0.060
0.090
0.120
0.170
0.210
0.250
0.300
0.340
0.390
0.440
0.500
0.540
0.580
0.620
0.660
0.710
0.750
0.800
0.840
0.880
0.910
0.940
0.970
1.020
1.040
1.080
1.150
1.170
1.240
1.290
1.360
1.420
1.480
1.520
1.580
1.610
1.630
1.670
1.670
1.680
1.690
1.710
1.750
1.780
1.820
1.850
1.860
1.900
1.910
1.930
1.940
1.940
1.930
1.930
1.930
1.910
1.900
1.910
1.910
1.900
1.930
1.930
1.910
1.910
1.910
1.900
1.820
1.800
1.750
1.680
1.600
1.520
1.450
1.380
1.270
1.190
1.100
0.970
0.840
0.710
0.540
0.350
0.170
0.000
-0.190
-0.370
-0.520
-0.650
-0.780
-0.900
-0.990
-1.020
-1.070
-1.110
-1.130
-1.180
-1.180
-1.200
-1.220
-1.240
-1.260
-1.290
-1.300
-1.320
-1.320
-1.310
-1.320
-1.300
-1.300
-1.300
-1.300
-1.290
-1.270
-1.290
-1.260
-1.250
-1.240
-1.220
-1.210
-1.180
-1.180
-1.180
-1.170
-1.160
-1.140
-1.130
-1.120
-1.090
-1.080
-1.060
-1.040
-1.030
-1.000
-0.990
-0.970
-0.950
-0.940
-0.930
-0.920
-0.900
-0.890
-0.860
-0.850
-0.840
-0.830
-0.800
-0.790
-0.780
-0.750
-0.740
-0.710
-0.700
-0.690
-0.670
-0.660
-0.650
-0.640
-0.610
-0.600
-0.600
-0.590
-0.590
-0.590
-0.560
-0.560
-0.560
-0.540
-0.520
-0.510
-0.510
-0.500
-0.480
-0.500
-0.500
-0.500
-0.500
-0.480
-0.480
-0.470
-0.460
-0.450
-0.430
-0.420
-0.400
-0.380
-0.370
-0.350
-0.330
-0.320
-0.310
-0.280
-0.270
-0.260
-0.230
-0.210
-0.180
-0.150
-0.150
-0.140
-0.130
-0.110
-0.090
-0.090
-0.080
-0.050
-0.030
0.000
0.000
0.060
0.090
0.130
0.180
0.220
0.280
0.310
0.360
0.430
0.470
0.530
0.580
0.630
0.700
0.750
0.800
0.840
0.880
0.930
0.970
0.990
1.030
1.060
1.070
1.060
1.070
1.070
1.070
1.080
1.120
1.160
1.190
1.250
1.260
1.270
1.300
1.300
1.350
1.350
1.380
1.400
1.420
1.470
1.480
1.510
1.520
1.510
1.560
1.530
1.530
1.530
1.520
1.510
1.520
1.490
1.480
1.480
1.490
1.490
1.480
1.470
1.470
1.450
1.450
1.450
1.430
1.400
1.380
1.350
1.300
1.260
1.190
1.100
0.990
0.850
0.670
0.500
0.280
0.080
-0.150
-0.370
-0.560
-0.720
-0.860
-0.950
-1.000
-1.070
-1.110
-1.160
-1.180
-1.210
-1.220
-1.240
-1.260
-1.260
-1.250
-1.260
-1.250
-1.270
-1.250
-1.240
-1.240
-1.240
-1.220
-1.220
-1.210
-1.210
-1.240
-1.210
-1.180
-1.180
-1.170
-1.170
-1.170
-1.140
-1.130
-1.110
-1.110
-1.080
-1.060
-1.040
-1.020
-0.990
-0.950
-0.930
-0.900
-0.880
-0.880
-0.840
-0.830
-0.810
-0.790
-0.790
-0.780
-0.750
-0.740
-0.730
-0.710
-0.700
-0.690
-0.670
-0.660
-0.660
-0.650
-0.640
-0.620
-0.600
-0.590
-0.570
-0.560
-0.550
-0.540
-0.550
-0.540
-0.540
-0.520
-0.510
-0.500
-0.480
-0.470
-0.470
-0.460
-0.450
-0.420
-0.410
-0.400
-0.380
-0.360
-0.350
-0.330
-0.320
-0.290
-0.270
-0.240
-0.220
-0.190
-0.170
-0.150
-0.130
-0.100
-0.080
-0.050
-0.030
0.000
0.040
0.080
0.090
0.130
0.160
0.170
0.190
0.220
0.270
0.310
0.350
0.410
0.470
0.530
0.590
0.660
0.720
0.780
0.830
0.880
0.940
0.980
1.020
1.060
1.080
1.120
1.150
1.160
1.190
1.200
1.240
1.260
1.260
1.290
1.290
1.300
1.290
1.310
1.310
1.340
1.350
1.360
1.350
1.360
1.360
1.360
1.360
1.350
1.350
1.340
1.350
1.360
1.360
1.380
1.390
1.430
1.430
1.420
1.430
1.430
1.430
1.470
1.470
1.480
1.480
1.490
1.490
1.470
1.470
1.450
1.400
1.390
1.380
1.360
1.300
1.250
1.170
1.060
0.940
0.780
0.590
0.400
0.180
-0.040
-0.250
-0.470
-0.670
-0.830
-0.970
-1.060
-1.130
-1.180
-1.220
-1.260
-1.260
-1.260
-1.270
-1.260
-1.260
-1.260
-1.240
-1.250
-1.240
-1.240
-1.240
-1.240
-1.220
-1.210
-1.200
-1.200
-1.180
-1.170
-1.140
-1.140
-1.120
-1.110
-1.070
-1.060
-1.060
-1.040
-1.020
-0.990
-0.980
-0.950
-0.930
-0.900
-0.890
-0.860
-0.850
-0.850
-0.840
-0.830
-0.810
-0.800
-0.790
-0.780
-0.760
-0.750
-0.730
-0.710
-0.700
-0.670
-0.660
-0.640
-0.620
-0.600
-0.590
-0.570
-0.570
-0.560
-0.550
-0.540
-0.520
-0.500
-0.480
-0.470
-0.460
-0.450
-0.450
-0.430
-0.430
-0.430
-0.420
-0.410
-0.400
-0.380
-0.380
-0.370
-0.360
-0.350
-0.330
-0.320
-0.310
-0.290
-0.310
-0.280
-0.270
-0.240
-0.220
-0.210
-0.180
-0.150
-0.140
-0.110
-0.090
-0.050
0.000
0.040
0.080
0.130
0.190
0.250
0.320
0.390
0.430
0.500
0.540
0.580
0.620
0.650
0.670
0.710
0.740
0.760
0.780
0.810
0.840
0.850
0.880
0.930
0.940
0.970
1.020
1.030
1.060
1.070
1.080
1.100
1.120
1.150
1.170
1.200
1.210
1.260
1.290
1.310
1.300
1.300
1.310
1.310
1.350
1.380
1.400
1.420
1.430
1.450
1.470
1.470
1.480
1.470
1.480
1.520
1.490
1.510
1.510
1.520
1.510
1.530
1.520
1.510
1.510
1.520
1.520
1.570
1.580
1.600
1.610
1.620
1.610
1.610
1.600
1.620
1.630
1.690
1.680
1.680
1.680
1.620
1.580
1.570
1.520
1.490
1.480
1.420
1.350
1.270
1.170
1.060
0.930
0.760
0.580
0.360
0.160
-0.060
-0.270
-0.460
-0.620
-0.770
-0.900
-0.990
-1.070
-1.130
-1.180
-1.220
-1.290
-1.270
-1.300
-1.310
-1.340
-1.350
-1.360
-1.400
-1.440
-1.440
-1.460
-1.460
-1.480
-1.480
-1.480
-1.460
-1.440
-1.430
-1.400
-1.370
-1.350
-1.340
-1.310
-1.270
-1.260
-1.220
-1.200
-1.180
-1.180
-1.160
-1.140
-1.110
-1.090
-1.070
-1.040
-1.020
-0.980
-0.970
-0.930
-0.900
-0.890
-0.880
-0.860
-0.840
-0.830
-0.810
-0.800
-0.790
-0.780
-0.760
-0.750
-0.740
-0.730
-0.710
-0.710
-0.710
-0.710
-0.710
-0.700
-0.700
-0.700
-0.690
-0.690
-0.670
-0.650
-0.640
-0.620
-0.610
-0.600
-0.600
-0.590
-0.570
-0.560
-0.560
-0.550
-0.550
-0.550
-0.540
-0.520
-0.510
-0.480
-0.470
-0.460
-0.450
-0.430
-0.420
-0.410
-0.400
-0.380
-0.360
-0.320
-0.290
-0.260
-0.220
-0.180
-0.150
-0.130
-0.100
-0.060
-0.040
0.000
0.060
0.130
0.230
0.310
0.360
0.430
0.450
0.500
0.540
0.560
0.610
0.650
0.670
0.700
0.710
0.720
0.720
0.740
0.740
0.760
0.780
0.830
0.870
0.910
0.970
0.990
1.030
1.040
1.040
1.060
1.040
1.060
1.060
1.070
1.080
1.120
1.130
1.160
1.160
1.170
1.160
1.160
1.170
1.190
1.200
1.240
1.210
1.240
1.240
1.240
1.210
1.200
1.200
1.190
1.200
1.200
1.210
1.240
1.240
1.240
1.240
1.240
1.240
1.240
1.240
1.240
1.240
1.210
1.200
1.200
1.170
1.170
1.160
1.130
1.070
1.020
0.890
0.760
0.610
0.440
0.220
0.000
-0.220
-0.430
-0.620
-0.780
-0.920
-1.020
-1.080
-1.120
-1.140
-1.180
-1.180
-1.180
-1.160
-1.170
-1.170
-1.180
-1.210
-1.210
-1.210
-1.210
-1.210
-1.200
-1.200
-1.180
-1.180
-1.170
-1.170
-1.160
-1.160
-1.130
-1.130
-1.120
-1.080
-1.040
-1.000
-0.950
-0.880
-0.830
-0.810
-0.780
-0.700
-0.590
-0.480
-0.350
-0.210
-0.110
-0.050
-0.040
-0.030
-0.030
-0.050
-0.060
-0.060
-0.080
-0.080
-0.090
-0.090
-0.080
-0.060
-0.050
-0.040
-0.040
-0.040
-0.030
0.000
-0.040
-0.050
-0.080
-0.090
-0.080
-0.060
-0.040
-0.040
0.000
0.000
0.000
0.000
0.000
0.000
0.000
0.000
0.000
0.000
0.000
0.000
0.000
0.030
0.040
0.060
0.080
0.030
-0.320
-1.540
-3.190
-2.280
-1.250
-1.210
-1.040
-0.990
-0.950
-0.890
-0.840
-0.810
-0.780
-0.750
-0.700
-0.700
-0.690
-0.670
-0.690
-0.670
-0.690
-0.690
-0.700
-0.690
-0.670
-0.670
-0.660
-0.620
-0.560
-0.510
-0.460
-0.470
-0.470
-0.480
-0.520
-0.620
-0.810
-0.980
-0.710
-0.540
-0.470
-0.420
-0.380
-0.330
-0.310
-0.270
-0.220
-0.190
-0.190
-0.190
-0.180
-0.150
-0.100
-0.030
0.080
0.170
0.280
0.350
0.410
0.450
0.490
0.500
0.540
0.580
0.630
0.670
0.700
0.710
0.740
0.750
0.780
0.810
0.840
0.840
0.850
0.850
0.870
0.880
0.890
0.910
0.950
0.990
1.030
1.080
1.120
1.160
1.170
1.200
1.250
1.260
1.310
1.360
1.380
1.400
1.430
1.470
1.480
1.480
1.520
1.520
1.560
1.560
1.520
1.530
1.510
1.520
1.510
1.520
1.520
1.520
1.520
1.490
1.470
1.470
1.430
1.420
1.400
1.420
1.420
1.400
1.350
1.310
1.260
1.170
1.070
0.930
0.710
0.440
0.160
-0.080
-0.190
-0.220
-0.180
-0.170
-0.170
-0.150
-0.140
-0.140
-0.140
-0.140
-0.150
-0.140
-0.140
-0.150
-0.140
-0.140
-0.130
-0.110
-0.110
-0.100
-0.100
-0.100
-0.100
-0.100
-0.090
-0.080
-0.080
-0.090
-0.080
-0.080
-0.060
-0.050
-0.040
0.000
0.080
0.130
0.190
0.180
0.120
0.030
-0.100
-0.190
-0.260
-0.320
-0.350
-0.360
-0.410
-0.410
-0.330
-0.270
-0.190
-0.140
-0.100
-0.080
-0.060
-0.040
-0.040
-0.040
-0.040
-0.040
-0.040
-0.050
-0.050
-0.050
-0.060
-0.050
-0.050
-0.050
-0.050
-0.050
-0.050
-0.060
-0.060
-0.060
-0.060
-0.060
-0.050
-0.060
-0.060
-0.060
-0.080
-0.080
-0.080
-0.080
-0.090
-0.140
-0.150
-0.180
-0.220
-0.260
-0.310
-0.350
-0.360
-0.400
-0.420
-0.460
-0.480
-0.510
-0.480
-0.460
-0.400
-0.400
-0.380
-0.480
-0.570
-0.710
-0.840
-0.980
-1.080
-1.120
-1.130
-1.120
-1.070
-0.990
-0.940
-0.880
-0.830
-0.830
-0.880
-0.970
-1.020
-1.060
-1.110
-1.120
-1.120
-1.110
-1.080
-1.030
-0.970
-0.850
-0.570
-0.310
-0.150
-0.090
-0.050
-0.030
0.000
0.000
-0.030
-0.040
-0.040
-0.040
-0.050
-0.050
-0.040
-0.040
-0.040
-0.030
0.000
-0.050
-0.410
-1.110
-1.580
-1.780
-1.630
-1.390
-1.210
-1.070
-0.890
-0.730
-0.620
-0.590
-0.600
-0.800
-0.970
-1.070
-0.990
-0.880
-0.800
-0.740
-0.700
-0.650
-0.620
-0.590
-0.520
-0.470
-0.420
-0.370
-0.310
-0.240
-0.190
-0.150
-0.090
-0.040
0.030
0.080
0.130
0.190
0.250
0.300
0.320
0.350
0.390
0.410
0.430
0.440
0.470
0.500
0.520
0.540
0.560
0.590
0.610
0.620
0.630
0.650
0.660
0.670
0.670
0.670
0.670
0.660
0.660
0.620
0.590
0.540
0.500
0.440
0.360
0.300
0.210
0.110
0.030
-0.050
-0.110
-0.150
-0.180
-0.180
-0.180
-0.170
-0.130
-0.050
-0.030
0.000
0.000
0.000
0.000
0.000
0.000
0.000
0.030
0.030
0.030
0.000
0.000
0.000
0.000
0.000
-0.030
-0.030
-0.040
-0.040
-0.050
-0.050
-0.040
-0.040
-0.030
0.000
0.000
0.000
0.000
0.000
0.000
0.000
0.000
0.000
0.000
0.000
0.000
0.000
0.000
0.000
0.000
0.000
0.000
0.000
0.000
0.000
0.000
0.000
0.030
0.030
0.030
0.040
0.040
0.040
0.040
0.060
0.080
0.080
0.090
0.110
0.120
0.120
0.130
0.170
0.180
0.160
0.130
0.120
0.130
0.170
0.430
0.560
0.760
0.880
0.940
0.990
1.040
1.080
1.130
1.160
1.170
1.190
1.190
1.170
1.190
1.200
1.210
1.260
1.270
1.310
1.350
1.360
1.360
1.360
1.350
1.340
1.350
1.360
1.360
1.380
1.390
1.390
1.400
1.400
1.380
1.390
1.390
1.390
1.380
1.390
1.380
1.350
1.310
1.300
1.270
1.250
1.210
1.150
1.070
0.970
0.840
0.670
0.520
0.320
0.110
-0.080
-0.240
-0.410
-0.560
-0.710
-0.820
-0.910
-0.990
-1.060
-1.120
-1.180
-1.250
-1.260
-1.290
-1.310
-1.320
-1.340
-1.320
-1.310
-1.300
-1.260
-1.260
-1.240
-1.220
-1.180
-1.170
-1.140
-1.130
-1.110
-1.090
-1.070
-1.060
-1.040
-1.020
-1.000
-0.990
-0.970
-0.950
-0.930
-0.900
-0.900
-0.880
-0.860
-0.840
-0.810
-0.800
-0.780
-0.740
-0.710
-0.690
-0.660
-0.650
-0.620
-0.610
-0.590
-0.570
-0.560
-0.550
-0.520
-0.500
-0.470
-0.450
-0.420
-0.400
-0.370
-0.360
-0.330
-0.310
-0.290
-0.270
-0.240
-0.230
-0.210
-0.180
-0.150
-0.110
-0.080
-0.030
0.040
0.120
0.220
0.310
0.400
0.470
0.540
0.590
0.630
0.660
0.700
0.710
0.740
0.760
0.780
0.810
0.850
0.880
0.910
0.940
0.950
0.970
0.980
0.980
0.980
0.990
0.990
1.030
1.030
1.030
1.030
1.030
1.020
1.020
0.990
1.020
1.030
1.060
1.070
1.100
1.120
1.120
1.150
1.150
1.150
1.150
1.130
1.130
1.130
1.130
1.130
1.150
1.150
1.130
1.130
1.130
1.130
1.130
1.120
1.120
1.130
1.120
1.120
1.080
1.070
1.040
1.020
0.970
0.950
0.910
0.870
0.830
0.740
0.650
0.530
0.360
0.210
0.040
-0.090
-0.220
-0.300
-0.380
-0.420
-0.440
-0.440
-0.460
-0.470
-0.510
-0.530
-0.550
-0.570
-0.590
-0.620
-0.660
-0.710
-0.750
-0.780
-0.790
-0.780
-0.740
-0.690
-0.610
-0.520
-0.430
-0.350
-0.270
-0.220
-0.180
-0.150
-0.130
-0.100
-0.090
-0.080
-0.060
-0.060
-0.060
-0.050
-0.050
-0.050
-0.060
-0.080
-0.130
-0.260
-0.470
-0.730
-0.920
-1.020
-1.030
-1.020
-1.000
-1.000
-1.020
-1.000
-1.000
-1.000
-0.990
-1.000
-1.020
-1.000
-0.990
-0.980
-0.930
-0.920
-0.890
-0.880
-0.860
-0.860
-0.850
-0.860
-0.850
-0.840
-0.830
-0.810
-0.790
-0.780
-0.760
-0.760
-0.760
-0.750
-0.750
-0.750
-0.740
-0.710
-0.700
-0.700
-0.670
-0.670
-0.660
-0.650
-0.620
-0.610
-0.600
-0.590
-0.570
-0.560
-0.550
-0.540
-0.520
-0.510
-0.500
-0.480
-0.470
-0.450
-0.430
-0.420
-0.410
-0.380
-0.360
-0.330
-0.310
-0.270
-0.230
-0.190
-0.140
-0.090
-0.040
0.030
0.090
0.170
0.230
0.310
0.390
0.440
0.500
0.560
0.620
0.670
0.740
0.760
0.810
0.830
0.840
0.850
0.850
0.850
0.850
0.840
0.840
0.840
0.840
0.850
0.850
0.870
0.880
0.890
0.890
0.930
0.930
0.940
0.940
0.970
0.970
0.990
1.020
1.030
1.020
1.020
0.990
0.970
0.950
0.950
0.950
0.950
0.970
0.980
1.020
1.040
1.060
1.070
1.100
1.120
1.100
1.080
1.100
1.100
1.080
1.100
1.120
1.150
1.150
1.170
1.190
1.190
1.200
1.190
1.160
1.150
1.130
1.100
1.070
1.020
0.970
0.890
0.810
0.710
0.610
0.490
0.340
0.190
0.040
-0.100
-0.230
-0.340
-0.460
-0.560
-0.670
-0.780
-0.870
-0.940
-1.000
-1.080
-1.130
-1.180
-1.220
-1.250
-1.310
-1.290
-1.320
-1.310
-1.300
-1.300
-1.290
-1.260
-1.240
-1.200
-1.200
-1.180
-1.160
-1.130
-1.130
-1.110
-1.080
-1.090
-1.090
-1.070
-1.070
-1.060
-1.060
-1.030
-1.000
-0.980
-0.940
-0.930
-0.900
-0.880
-0.860
-0.850
-0.840
-0.810
-0.800
-0.780
-0.750
-0.730
-0.700
-0.700
-0.660
-0.650
-0.640
-0.640
-0.620
-0.610
-0.600
-0.600
-0.590
-0.570
-0.560
-0.550
-0.550
-0.550
-0.540
-0.540
-0.520
-0.510
-0.480
-0.470
-0.460
-0.450
-0.430
-0.420
-0.420
-0.410
-0.400
-0.380
-0.360
-0.350
-0.310
-0.290
-0.270
-0.230
-0.210
-0.180
-0.150
-0.150
-0.110
-0.090
-0.060
-0.040
-0.030
0.000
0.000
0.000
0.030
0.060
0.080
0.090
0.120
0.160
0.170
0.190
0.210
0.230
0.270
0.280
0.300
0.340
0.360
0.430
0.490
0.540
0.580
0.620
0.630
0.660
0.670
0.700
0.710
0.740
0.750
0.750
0.760
0.760
0.780
0.760
0.780
0.800
0.810
0.810
0.830
0.850
0.850
0.870
0.870
0.870
0.850
0.850
0.870
0.870
0.880
0.890
0.910
0.910
0.890
0.880
0.880
0.870
0.850
0.840
0.830
0.830
0.840
0.850
0.850
0.850
0.840
0.830
0.810
0.800
0.800
0.810
0.810
0.810
0.830
0.830
0.830
0.840
0.830
0.840
0.850
0.870
0.910
0.970
1.030
1.070
1.080
1.100
1.100
1.120
1.080
1.100
1.080
1.080
1.080
1.060
1.060
1.030
0.990
0.970
0.940
0.880
0.840
0.780
0.720
0.650
0.540
0.410
0.270
0.120
0.000
-0.110
-0.220
-0.300
-0.380
-0.440
-0.510
-0.560
-0.620
-0.690
-0.730
-0.780
-0.840
-0.880
-0.930
-0.970
-1.000
-1.020
-1.060
-1.060
-1.090
-1.090
-1.110
-1.090
-1.090
-1.090
-1.090
-1.080
-1.060
-1.060
-1.040
-1.040
-1.020
-1.020
-1.020
-0.990
-0.990
-0.990
-0.980
-0.950
-0.940
-0.940
-0.920
-0.890
-0.880
-0.860
-0.830
-0.810
-0.790
-0.780
-0.760
-0.750
-0.730
-0.730
-0.700
-0.670
-0.660
-0.640
-0.620
-0.600
-0.590
-0.570
-0.560
-0.550
-0.540
-0.520
-0.510
-0.480
-0.470
-0.460
-0.450
-0.430
-0.410
-0.400
-0.370
-0.360
-0.350
-0.330
-0.310
-0.310
-0.290
-0.270
-0.260
-0.260
-0.240
-0.230
-0.230
-0.220
-0.210
-0.190
-0.180
-0.180
-0.170
-0.170
-0.150
-0.150
-0.140
-0.110
-0.100
-0.080
-0.060
-0.040
0.000
0.000
0.000
0.030
0.040
0.060
0.060
0.080
0.080
0.080
0.080
0.080
0.080
0.090
0.120
0.160
0.190
0.230
0.300
0.340
0.360
0.410
0.440
0.470
0.500
0.530
0.560
0.620
0.660
0.710
0.750
0.800
0.830
0.870
0.880
0.910
0.930
0.940
0.970
0.980
1.020
1.030
1.060
1.100
1.130
1.160
1.190
1.210
1.250
1.270
1.290
1.300
1.310
1.310
1.340
1.310
1.310
1.310
1.340
1.340
1.340
1.340
1.340
1.290
1.300
1.270
1.260
1.250
1.260
1.260
1.270
1.300
1.300
1.300
1.310
1.310
1.310
1.310
1.310
1.300
1.300
1.290
1.300
1.310
1.310
1.300
1.260
1.250
1.200
1.160
1.120
1.060
1.020
0.930
0.830
0.720
0.590
0.470
0.310
0.130
-0.030
-0.180
-0.340
-0.480
-0.600
-0.710
-0.780
-0.860
-0.920
-0.940
-0.990
-1.030
-1.060
-1.080
-1.110
-1.140
-1.160
-1.180
-1.210
-1.240
-1.260
-1.270
-1.290
-1.290
-1.290
-1.270
-1.270
-1.260
-1.240
-1.220
-1.220
-1.220
-1.210
-1.200
-1.180
-1.170
-1.140
-1.120
-1.110
-1.080
-1.070
-1.040
-1.020
-0.990
-0.970
-0.950
-0.930
-0.900
-0.890
-0.880
-0.860
-0.840
-0.830
-0.810
-0.800
-0.800
-0.790
-0.780
-0.760
-0.760
-0.750
-0.730
-0.710
-0.710
-0.700
-0.670
-0.660
-0.640
-0.620
-0.610
-0.600
-0.590
-0.590
-0.590
-0.590
-0.590
-0.570
-0.570
-0.560
-0.550
-0.540
-0.520
-0.520
-0.510
-0.500
-0.480
-0.480
-0.470
-0.460
-0.450
-0.420
-0.410
-0.380
-0.360
-0.330
-0.310
-0.270
-0.240
-0.210
-0.170
-0.150
-0.110
-0.060
0.000
0.040
0.110
0.180
0.250
0.350
0.450
0.540
0.610
0.700
0.760
0.850
0.910
0.970
1.020
1.060
1.080
1.100
1.120
1.130
1.150
1.170
1.170
1.170
1.170
1.190
1.170
1.170
1.170
1.170
1.170
1.170
1.170
1.190
1.170
1.160
1.160
1.150
1.150
1.130
1.130
1.130
1.150
1.150
1.160
1.160
1.160
1.150
1.120
1.120
1.120
1.080
1.080
1.070
1.060
1.060
1.040
1.040
1.060
1.060
1.060
1.040
1.030
1.030
1.030
1.040
1.060
1.070
1.100
1.130
1.150
1.160
1.160
1.170
1.160
1.150
1.120
1.070
1.030
0.950
0.890
0.830
0.750
0.670
0.580
0.450
0.320
0.170
0.000
-0.150
-0.300
-0.440
-0.580
-0.720
-0.830
-0.920
-1.000
-1.080
-1.140
-1.200
-1.250
-1.290
-1.300
-1.320
-1.300
-1.320
-1.320
-1.320
-1.310
-1.300
-1.270
-1.250
-1.240
-1.210
-1.200
-1.180
-1.180
-1.170
-1.170
-1.160
-1.140
-1.090
-1.090
-1.080
-1.060
-1.030
-1.000
-0.980
-0.970
-0.940
-0.930
-0.920
-0.890
-0.880
-0.860
-0.840
-0.810
-0.790
-0.760
-0.750
-0.730
-0.710
-0.700
-0.690
-0.660
-0.650
-0.640
-0.620
-0.610
-0.600
-0.590
-0.570
-0.560
-0.550
-0.550
-0.540
-0.520
-0.520
-0.510
-0.500
-0.500
-0.480
-0.460
-0.450
-0.450
-0.430
-0.410
-0.380
-0.370
-0.350
-0.330
-0.310
-0.290
-0.280
-0.280
-0.280
-0.270
-0.270
-0.260
-0.240
-0.230
-0.230
-0.220
-0.210
-0.190
-0.180
-0.170
-0.150
-0.150
-0.130
-0.130
-0.110
-0.100
-0.060
-0.040
0.000
0.000
0.040
0.060
0.080
0.080
0.090
0.090
0.120
0.160
0.210
0.250
0.310
0.360
0.410
0.450
0.520
0.550
0.590
0.630
0.670
0.710
0.740
0.760
0.780
0.810
0.850
0.880
0.930
0.970
0.990
1.030
1.040
1.070
1.070
1.080
1.080
1.100
1.080
1.080
1.100
1.120
1.130
1.160
1.160
1.170
1.210
1.210
1.250
1.240
1.240
1.210
1.240
1.200
1.210
1.210
1.200
1.210
1.210
1.240
1.210
1.240
1.240
1.260
1.250
1.260
1.270
1.300
1.310
1.310
1.310
1.300
1.300
1.290
1.270
1.270
1.290
1.290
1.300
1.300
1.290
1.270
1.260
1.250
1.210
1.190
1.130
1.080
1.020
0.930
0.810
0.670
0.520
0.340
0.130
-0.060
-0.250
-0.440
-0.600
-0.750
-0.870
-0.990
-1.060
-1.120
-1.200
-1.250
-1.290
-1.310
-1.340
-1.390
-1.410
-1.440
-1.480
-1.480
-1.500
-1.510
-1.500
-1.490
-1.480
-1.460
-1.440
-1.410
-1.400
-1.370
-1.350
-1.320
-1.310
-1.270
-1.250
-1.220
-1.200
-1.160
-1.140
-1.110
-1.070
-1.040
-1.000
-0.990
-0.950
-0.940
-0.900
-0.890
-0.860
-0.840
-0.810
-0.790
-0.780
-0.750
-0.740
-0.730
-0.730
-0.710
-0.700
-0.690
-0.670
-0.650
-0.650
-0.620
-0.610
-0.600
-0.590
-0.590
-0.570
-0.550
-0.550
-0.540
-0.520
-0.500
-0.500
-0.470
-0.460
-0.450
-0.450
-0.430
-0.420
-0.420
-0.410
-0.410
-0.400
-0.380
-0.370
-0.360
-0.330
-0.320
-0.290
-0.280
-0.270
-0.240
-0.230
-0.230
-0.230
-0.220
-0.190
-0.180
-0.150
-0.130
-0.110
-0.090
-0.080
-0.050
-0.040
-0.030
0.000
0.040
0.090
0.160
0.220
0.300
0.360
0.440
0.490
0.530
0.550
0.580
0.620
0.670
0.740
0.800
0.840
0.870
0.890
0.910
0.930
0.940
0.940
0.950
0.970
0.990
1.030
1.070
1.120
1.160
1.170
1.170
1.190
1.200
1.200
1.200
1.200
1.200
1.200
1.200
1.240
1.240
1.260
1.270
1.290
1.270
1.300
1.290
1.290
1.290
1.270
1.270
1.250
1.250
1.240
1.240
1.240
1.240
1.210
1.200
1.200
1.190
1.190
1.190
1.190
1.190
1.190
1.190
1.210
1.210
1.240
1.240
1.210
1.190
1.150
1.100
1.060
0.980
0.910
0.840
0.750
0.660
0.550
0.430
0.270
0.090
-0.060
-0.240
-0.410
-0.570
-0.720
-0.850
-0.960
-1.060
-1.130
-1.200
-1.260
-1.320
-1.350
-1.390
-1.410
-1.440
-1.440
-1.460
-1.440
-1.430
-1.410
-1.410
-1.370
-1.360
-1.350
-1.310
-1.290
-1.240
-1.220
-1.200
-1.200
-1.180
-1.140
-1.130
-1.110
-1.080
-1.070
-1.030
-1.000
-0.990
-0.950
-0.950
-0.920
-0.890
-0.880
-0.850
-0.840
-0.810
-0.790
-0.760
-0.740
-0.710
-0.700
-0.670
-0.660
-0.640
-0.620
-0.600
-0.590
-0.560
-0.550
-0.540
-0.520
-0.510
-0.480
-0.470
-0.460
-0.450
-0.420
-0.420
-0.410
-0.400
-0.400
-0.380
-0.370
-0.360
-0.350
-0.320
-0.310
-0.280
-0.270
-0.240
-0.220
-0.190
-0.180
-0.150
-0.150
-0.130
-0.090
-0.060
-0.030
0.000
0.030
0.060
0.090
0.110
0.160
0.170
0.180
0.210
0.230
0.280
0.310
0.350
0.390
0.400
0.410
0.430
0.440
0.450
0.470
0.490
0.520
0.540
0.560
0.590
0.630
0.670
0.740
0.780
0.810
0.840
0.850
0.870
0.880
0.910
0.930
0.970
0.990
1.020
1.040
1.070
1.100
1.120
1.130
1.170
1.200
1.240
1.260
1.290
1.310
1.310
1.340
1.350
1.360
1.360
1.380
1.400
1.390
1.420
1.420
1.420
1.420
1.450
1.430
1.420
1.420
1.400
1.400
1.400
1.380
1.360
1.350
1.340
1.350
1.360
1.380
1.390
1.390
1.350
1.310
1.270
1.200
1.160
1.070
0.990
0.890
0.800
0.670
0.550
0.390
0.210
0.030
-0.150
-0.330
-0.490
-0.670
-0.810
-0.920
-1.020
-1.080
-1.140
-1.180
-1.240
-1.290
-1.300
-1.310
-1.320
-1.370
-1.320
-1.360
-1.350
-1.340
-1.340
-1.320
-1.300
-1.270
-1.260
-1.240
-1.220
-1.200
-1.180
-1.160
-1.160
-1.140
-1.120
-1.110
-1.080
-1.070
-1.040
-1.030
-1.000
-0.990
-0.970
-0.950
-0.930
-0.920
-0.890
-0.860
-0.850
-0.840
-0.830
-0.800
-0.790
-0.780
-0.750
-0.730
-0.710
-0.700
-0.690
-0.670
-0.650
-0.640
-0.610
-0.600
-0.590
-0.590
-0.570
-0.560
-0.570
-0.570
-0.570
-0.570
-0.560
-0.550
-0.540
-0.540
-0.510
-0.500
-0.480
-0.470
-0.460
-0.460
-0.450
-0.450
-0.430
-0.450
-0.430
-0.430
-0.420
-0.410
-0.400
-0.380
-0.380
-0.370
-0.350
-0.330
-0.330
-0.320
-0.320
-0.310
-0.290
-0.290
-0.280
-0.260
-0.240
-0.230
-0.210
-0.190
-0.170
-0.150
-0.150
-0.140
-0.130
-0.110
-0.090
-0.060
-0.040
-0.030
0.000
0.000
0.030
0.040
0.080
0.080
0.120
0.170
0.210
0.270
0.310
0.350
0.400
0.470
0.540
0.610
0.700
0.760
0.840
0.890
0.950
1.020
1.070
1.120
1.150
1.190
1.200
1.240
1.270
1.250
1.250
1.290
1.290
1.310
1.310
1.340
1.340
1.350
1.350
1.380
1.390
1.390
1.420
1.450
1.430
1.470
1.510
1.520
1.520
1.530
1.520
1.510
1.520
1.530
1.520
1.520
1.530
1.520
1.560
1.570
1.570
1.600
1.600
1.620
1.620
1.620
1.620
1.620
1.680
1.610
1.600
1.580
1.560
1.530
1.520
1.490
1.470
1.430
1.380
1.290
1.190
1.070
0.940
0.780
0.590
0.360
0.130
-0.100
-0.330
-0.530
-0.720
-0.860
-0.960
-1.090
-1.140
-1.200
-1.290
-1.350
-1.410
-1.440
-1.490
-1.540
-1.590
-1.600
-1.630
-1.630
-1.630
-1.650
-1.630
-1.630
-1.630
-1.600
-1.550
-1.550
-1.500
-1.460
-1.450
-1.400
-1.390
-1.370
-1.340
-1.300
-1.290
-1.250
-1.220
-1.210
-1.180
-1.170
-1.140
-1.130
-1.090
-1.070
-1.040
-1.020
-0.990
-0.980
-0.970
-0.940
-0.920
-0.890
-0.880
-0.860
-0.850
-0.830
-0.810
-0.790
-0.780
-0.750
-0.730
-0.710
-0.690
-0.660
-0.660
-0.650
-0.640
-0.620
-0.610
-0.600
-0.590
-0.560
-0.550
-0.540
-0.520
-0.510
-0.500
-0.480
-0.480
-0.470
-0.460
-0.460
-0.450
-0.420
-0.410
-0.400
-0.370
-0.350
-0.330
-0.310
-0.290
-0.260
-0.230
-0.210
-0.180
-0.150
-0.130
-0.090
-0.050
0.000
0.000
0.080
0.120
0.180
0.230
0.300
0.360
0.450
0.540
0.620
0.710
0.800
0.850
0.910
0.950
0.980
1.030
1.070
1.130
1.170
1.190
1.240
1.250
1.270
1.300
1.300
1.310
1.350
1.350
1.390
1.400
1.420
1.450
1.470
1.470
1.490
1.510
1.520
1.520
1.560
1.560
1.560
1.530
1.560
1.530
1.520
1.510
1.490
1.470
1.430
1.420
1.390
1.380
1.360
1.350
1.340
1.350
1.350
1.350
1.350
1.350
1.360
1.350
1.350
1.360
1.360
1.360
1.350
1.350
1.380
1.360
1.360
1.360
1.360
1.360
1.360
1.380
1.390
1.390
1.380
1.380
1.380
1.380
1.360
1.350
1.310
1.290
1.260
1.210
1.170
1.130
1.070
0.990
0.930
0.830
0.710
0.560
0.390
0.180
0.000
-0.190
-0.390
-0.550
-0.680
-0.800
-0.910
-1.010
-1.090
-1.170
-1.220
-1.310
-1.360
-1.410
-1.460
-1.490
-1.510
-1.530
-1.540
-1.570
-1.570
-1.580
-1.570
-1.550
-1.540
-1.530
-1.510
-1.510
-1.460
-1.450
-1.430
-1.430
-1.390
-1.370
-1.360
-1.350
-1.290
-1.300
-1.260
-1.210
-1.210
-1.180
-1.180
-1.180
-1.170
-1.140
-1.130
-1.110
-1.090
-1.080
-1.040
-1.030
-1.000
-0.980
-0.970
-0.940
-0.930
-0.920
-0.880
-0.860
-0.840
-0.800
-0.790
-0.780
-0.750
-0.740
-0.730
-0.710
-0.700
-0.700
-0.700
-0.690
-0.670
-0.670
-0.660
-0.660
-0.670
-0.670
-0.660
-0.650
-0.640
-0.640
-0.610
-0.610
-0.600
-0.570
-0.560
-0.550
-0.540
-0.520
-0.500
-0.480
-0.470
-0.460
-0.450
-0.450
-0.430
-0.410
-0.380
-0.360
-0.320
-0.310
-0.280
-0.270
-0.260
-0.240
-0.230
-0.220
-0.210
-0.190
-0.180
-0.150
-0.140
-0.130
-0.100
-0.080
-0.060
-0.050
-0.030
0.000
0.000
-0.050
-0.080
-0.090
-0.080
-0.060
-0.040
0.000
-0.030
0.000
-0.030
-0.030
-0.040
-0.040
-0.030
-0.030
-0.030
-0.030
-0.030
-0.030
-0.030
-0.040
-0.040
-0.040
-0.030
-0.030
-0.030
-0.030
-0.030
-0.030
-0.030
-0.030
-0.030
0.000
0.000
0.000
0.000
0.000
0.000
0.000
0.000
0.000
0.000
0.000
0.000
0.000
0.000
0.000
0.000
0.030
0.040
0.060
0.080
0.080
0.090
0.090
0.090
0.120
0.120
0.160
0.180
0.190
0.210
0.220
0.210
0.190
0.190
0.190
0.190
0.450
0.620
0.740
0.910
1.120
1.200
1.260
1.340
1.480
1.510
1.520
1.510
1.520
1.490
1.620
1.710
1.710
1.710
1.750
1.760
1.800
1.800
1.780
1.780
1.760
1.750
1.730
1.710
1.710
1.690
1.710
1.690
1.680
1.680
1.670
1.680
1.670
1.630
1.630
1.630
1.630
1.670
1.630
1.680
1.630
1.600
1.580
1.580
1.580
1.530
1.510
1.470
1.420
1.350
1.260
1.160
1.030
0.910
0.750
0.560
0.360
0.120
-0.100
-0.320
-0.460
-0.560
-0.620
-0.720
-0.770
-0.820
-0.860
-0.920
-0.980
-1.060
-1.120
-1.180
-1.220
-1.240
-1.270
-1.300
-1.300
-1.340
-1.340
-1.320
-1.340
-1.310
-1.310
-1.320
-1.300
-1.290
-1.260
-1.220
-1.240
-1.220
-1.210
-1.180
-1.160
-1.160
-1.160
-1.120
-1.090
-1.080
-1.060
-1.030
-0.990
-0.980
-0.950
-0.940
-0.930
-0.900
-0.900
-0.880
-0.850
-0.850
-0.830
-0.800
-0.800
-0.790
-0.760
-0.750
-0.740
-0.730
-0.700
-0.700
-0.690
-0.670
-0.660
-0.650
-0.640
-0.620
-0.600
-0.600
-0.590
-0.570
-0.560
-0.550
-0.550
-0.540
-0.520
-0.520
-0.510
-0.510
-0.510
-0.510
-0.500
-0.500
-0.500
-0.480
-0.470
-0.470
-0.460
-0.460
-0.430
-0.430
-0.410
-0.400
-0.380
-0.370
-0.370
-0.350
-0.320
-0.310
-0.290
-0.270
-0.260
-0.230
-0.220
-0.180
-0.150
-0.110
-0.080
0.000
0.080
0.130
0.220
0.280
0.360
0.450
0.540
0.620
0.710
0.780
0.830
0.880
0.930
0.980
1.030
1.080
1.150
1.190
1.240
1.290
1.350
1.360
1.400
1.450
1.450
1.470
1.480
1.520
1.530
1.530
1.560
1.600
1.630
1.680
1.690
1.720
1.710
1.710
1.710
1.680
1.690
1.690
1.710
1.720
1.730
1.730
1.760
1.780
1.800
1.810
1.780
1.780
1.760
1.750
1.730
1.720
1.720
1.690
1.670
1.630
1.620
1.610
1.570
1.580
1.560
1.520
1.470
1.430
1.380
1.310
1.240
1.150
1.040
0.930
0.780
0.650
0.520
0.390
0.250
0.120
0.000
-0.080
-0.150
-0.220
-0.270
-0.290
-0.330
-0.380
-0.420
-0.470
-0.520
-0.570
-0.620
-0.670
-0.730
-0.780
-0.810
-0.860
-0.920
-0.950
-0.980
-1.030
-1.060
-1.090
-1.180
-1.170
-1.180
-1.180
-1.180
-1.180
-1.220
-1.210
-1.210
-1.210
-1.210
-1.210
-1.200
-1.200
-1.180
-1.180
-1.170
-1.160
-1.140
-1.120
-1.110
-1.070
-1.030
-1.000
-0.980
-0.980
-0.940
-0.920
-0.890
-0.860
-0.850
-0.830
-0.830
-0.800
-0.790
-0.760
-0.760
-0.750
-0.750
-0.750
-0.750
-0.750
-0.740
-0.740
-0.710
-0.690
-0.690
-0.670
-0.670
-0.670
-0.650
-0.650
-0.640
-0.620
-0.620
-0.620
-0.610
-0.600
-0.600
-0.590
-0.590
-0.570
-0.570
-0.570
-0.570
-0.560
-0.550
-0.540
-0.540
-0.520
-0.510
-0.510
-0.510
-0.500
-0.500
-0.480
-0.480
-0.470
-0.470
-0.460
-0.460
-0.460
-0.450
-0.430
-0.420
-0.410
-0.400
-0.400
-0.380
-0.360
-0.350
-0.320
-0.290
-0.270
-0.230
-0.210
-0.150
-0.130
-0.090
-0.050
0.000
0.040
0.090
0.180
0.270
0.350
0.450
0.530
0.590
0.660
0.720
0.760
0.800
0.840
0.880
0.890
0.930
0.940
0.950
0.970
0.990
1.020
1.030
1.030
1.070
1.080
1.130
1.160
1.190
1.200
1.210
1.200
1.210
1.210
1.210
1.250
1.260
1.260
1.270
1.300
1.310
1.310
1.350
1.340
1.340
1.360
1.350
1.360
1.360
1.350
1.350
1.340
1.350
1.380
1.390
1.390
1.390
1.390
1.380
1.350
1.310
1.300
1.270
1.270
1.250
1.210
1.170
1.150
1.100
1.030
0.930
0.810
0.670
0.540
0.360
0.180
0.000
-0.150
-0.320
-0.440
-0.560
-0.650
-0.750
-0.800
-0.830
-0.850
-0.890
-0.920
-0.940
-0.980
-0.990
-1.020
-1.060
-1.070
-1.080
-1.110
-1.110
-1.120
-1.160
-1.130
-1.140
-1.130
-1.130
-1.120
-1.110
-1.110
-1.080
-1.080
-1.070
-1.060
-1.040
-1.030
-1.020
-1.000
-0.990
-0.970
-0.970
-0.970
-0.940
-0.920
-0.900
-0.880
-0.850
-0.850
-0.830
-0.810
-0.790
-0.780
-0.780
-0.760
-0.760
-0.750
-0.730
-0.730
-0.730
-0.710
-0.700
-0.700
-0.690
-0.670
-0.660
-0.650
-0.650
-0.620
-0.620
-0.610
-0.600
-0.590
-0.590
-0.590
-0.590
-0.570
-0.570
-0.570
-0.570
-0.570
-0.570
-0.560
-0.560
-0.550
-0.550
-0.520
-0.520
-0.510
-0.510
-0.510
-0.510
-0.500
-0.500
-0.470
-0.470
-0.450
-0.450
-0.430
-0.420
-0.410
-0.400
-0.380
-0.370
-0.360
-0.350
-0.330
-0.320
-0.310
-0.280
-0.260
-0.230
-0.190
-0.150
-0.140
-0.100
-0.050
0.000
0.030
0.080
0.130
0.210
0.300
0.400
0.500
0.560
0.630
0.710
0.750
0.800
0.830
0.850
0.890
0.930
0.950
0.990
1.040
1.060
1.080
1.100
1.130
1.150
1.170
1.210
1.240
1.290
1.310
1.360
1.400
1.420
1.430
1.470
1.470
1.480
1.510
1.530
1.580
1.600
1.600
1.600
1.580
1.600
1.610
1.610
1.600
1.610
1.610
1.610
1.600
1.600
1.600
1.570
1.560
1.520
1.490
1.490
1.480
1.470
1.450
1.420
1.430
1.430
1.420
1.430
1.420
1.420
1.390
1.360
1.310
1.250
1.200
1.130
1.080
0.970
0.870
0.750
0.620
0.490
0.340
0.180
0.030
-0.110
-0.240
-0.340
-0.440
-0.520
-0.600
-0.670
-0.710
-0.750
-0.760
-0.790
-0.830
-0.860
-0.900
-0.930
-0.950
-0.990
-1.020
-1.040
-1.040
-1.040
-1.060
-1.040
-1.060
-1.060
-1.060
-1.040
-1.040
-1.040
-1.030
-1.020
-1.020
-1.000
-1.000
-0.990
-0.980
-0.980
-0.970
-0.970
-0.970
-0.950
-0.940
-0.930
-0.930
-0.900
-0.900
-0.920
-0.920
-0.900
-0.890
-0.880
-0.860
-0.850
-0.840
-0.830
-0.810
-0.810
-0.800
-0.790
-0.760
-0.750
-0.740
-0.740
-0.730
-0.730
-0.710
-0.710
-0.710
-0.700
-0.700
-0.690
-0.670
-0.660
-0.650
-0.640
-0.610
-0.590
-0.570
-0.560
-0.550
-0.550
-0.540
-0.540
-0.510
-0.500
-0.480
-0.470
-0.460
-0.450
-0.430
-0.430
-0.420
-0.420
-0.420
-0.420
-0.410
-0.410
-0.400
-0.400
-0.380
-0.370
-0.370
-0.370
-0.370
-0.360
-0.360
-0.330
-0.320
-0.310
-0.310
-0.310
-0.310
-0.310
-0.310
-0.290
-0.290
-0.290
-0.280
-0.270
-0.260
-0.230
-0.220
-0.190
-0.170
-0.150
-0.140
-0.090
-0.040
0.000
0.080
0.130
0.190
0.250
0.310
0.360
0.430
0.490
0.530
0.580
0.620
0.660
0.710
0.740
0.780
0.830
0.870
0.910
0.970
1.020
1.040
1.060
1.080
1.120
1.130
1.160
1.190
1.200
1.210
1.250
1.250
1.250
1.260
1.270
1.270
1.300
1.310
1.340
1.340
1.360
1.360
1.390
1.420
1.420
1.450
1.430
1.450
1.490
1.510
1.530
1.530
1.530
1.530
1.520
1.520
1.520
1.480
1.480
1.480
1.480
1.470
1.490
1.490
1.510
1.490
1.490
1.480
1.430
1.430
1.380
1.360
1.310
1.260
1.210
1.170
1.130
1.080
1.020
0.970
0.930
0.890
0.870
0.840
0.800
0.760
0.720
0.660
0.590
0.530
0.430
0.300
0.160
0.000
-0.150
-0.300
-0.440
-0.560
-0.650
-0.730
-0.780
-0.830
-0.850
-0.890
-0.930
-0.950
-1.000
-1.030
-1.040
-1.080
-1.110
-1.130
-1.130
-1.140
-1.130
-1.130
-1.110
-1.080
-1.040
-1.020
-1.020
-0.990
-0.970
-0.970
-0.950
-0.950
-0.950
-0.950
-0.980
-0.970
-0.970
-0.950
-0.950
-0.930
-0.930
-0.920
-0.900
-0.890
-0.880
-0.860
-0.860
-0.840
-0.810
-0.800
-0.800
-0.800
-0.810
-0.810
-0.830
-0.830
-0.810
-0.810
-0.800
-0.790
-0.780
-0.750
-0.730
-0.700
-0.670
-0.660
-0.640
-0.620
-0.610
-0.600
-0.600
-0.600
-0.590
-0.590
-0.590
-0.590
-0.570
-0.560
-0.560
-0.550
-0.550
-0.550
-0.550
-0.540
-0.540
-0.540
-0.520
-0.520
-0.510
-0.510
-0.510
-0.500
-0.480
-0.470
-0.460
-0.450
-0.430
-0.420
-0.410
-0.400
-0.380
-0.370
-0.360
-0.350
-0.330
-0.310
-0.280
-0.230
-0.170
-0.100
0.000
0.080
0.190
0.300
0.390
0.450
0.520
0.590
0.660
0.750
0.840
0.890
0.970
1.030
1.080
1.130
1.170
1.210
1.250
1.250
1.290
1.300
1.310
1.350
1.350
1.360
1.390
1.400
1.400
1.400
1.400
1.420
1.430
1.400
1.430
1.450
1.430
1.430
1.420
1.420
1.420
1.420
1.430
1.420
1.430
1.430
1.450
1.430
1.430
1.400
1.400
1.390
1.390
1.390
1.390
1.380
1.380
1.380
1.360
1.380
1.380
1.380
1.360
1.340
1.310
1.290
1.240
1.200
1.160
1.100
1.040
0.970
0.880
0.800
0.700
0.560
0.430
0.280
0.120
0.000
-0.130
-0.250
-0.360
-0.440
-0.510
-0.570
-0.610
-0.620
-0.670
-0.670
-0.710
-0.750
-0.780
-0.810
-0.830
-0.850
-0.860
-0.860
-0.880
-0.890
-0.920
-0.920
-0.940
-0.950
-0.940
-0.940
-0.930
-0.900
-0.900
-0.900
-0.890
-0.900
-0.890
-0.890
-0.890
-0.890
-0.890
-0.890
-0.880
-0.880
-0.880
-0.860
-0.850
-0.840
-0.840
-0.840
-0.840
-0.840
-0.840
-0.830
-0.810
-0.800
-0.800
-0.800
-0.790
-0.790
-0.790
-0.790
-0.780
-0.760
-0.760
-0.750
-0.750
-0.750
-0.740
-0.740
-0.740
-0.730
-0.730
-0.730
-0.710
-0.730
-0.730
-0.730
-0.730
-0.730
-0.710
-0.700
-0.690
-0.700
-0.690
-0.690
-0.670
-0.670
-0.660
-0.660
-0.640
-0.620
-0.610
-0.590
-0.590
-0.570
-0.560
-0.560
-0.550
-0.550
-0.540
-0.520
-0.500
-0.480
-0.470
-0.460
-0.450
-0.450
-0.450
-0.430
-0.430
-0.420
-0.410
-0.400
-0.380
-0.370
-0.360
-0.330
-0.320
-0.290
-0.270
-0.240
-0.210
-0.170
-0.130
-0.080
0.000
0.040
0.120
0.190
0.270
0.350
0.430
0.520
0.590
0.670
0.760
0.840
0.890
0.970
1.020
1.040
1.100
1.150
1.190
1.240
1.270
1.310
1.350
1.390
1.430
1.450
1.480
1.510
1.520
1.580
1.580
1.600
1.620
1.670
1.690
1.730
1.750
1.730
1.720
1.720
1.690
1.710
1.720
1.710
1.680
1.690
1.690
1.710
1.710
1.720
1.710
1.720
1.720
1.710
1.720
1.690
1.690
1.690
1.670
1.630
1.620
1.580
1.570
1.530
1.510
1.470
1.430
1.420
1.390
1.360
1.350
1.300
1.270
1.190
1.130
1.030
0.940
0.810
0.660
0.500
0.310
0.130
-0.030
-0.150
-0.270
-0.360
-0.410
-0.440
-0.490
-0.550
-0.610
-0.670
-0.700
-0.730
-0.750
-0.790
-0.810
-0.840
-0.880
-0.920
-0.940
-0.940
-0.970
-0.980
-1.000
-1.020
-1.030
-1.040
-1.070
-1.090
-1.110
-1.120
-1.110
-1.080
-1.070
-1.060
-1.040
-1.040
-1.020
-1.000
-0.990
-0.990
-0.990
-0.990
-0.980
-1.000
-1.000
-1.020
-1.030
-1.030
-1.020
-1.000
-0.980
-0.950
-0.930
-0.930
-0.920
-0.890
-0.900
-0.890
-0.890
-0.880
-0.890
-0.880
-0.880
-0.890
-0.900
-0.900
-0.900
-0.890
-0.890
-0.860
-0.860
-0.850
-0.840
-0.830
-0.810
-0.810
-0.800
-0.790
-0.790
-0.780
-0.760
-0.750
-0.740
-0.730
-0.730
-0.730
-0.710
-0.710
-0.710
-0.700
-0.690
-0.690
-0.670
-0.660
-0.650
-0.640
-0.610
-0.610
-0.600
-0.590
-0.570
-0.550
-0.550
-0.550
-0.550
-0.550
-0.550
-0.550
-0.540
-0.520
-0.510
-0.500
-0.480
-0.470
-0.470
-0.470
-0.460
-0.450
-0.430
-0.430
-0.410
-0.400
-0.380
-0.370
-0.350
-0.320
-0.290
-0.260
-0.230
-0.190
-0.150
-0.130
-0.090
-0.060
-0.030
0.000
0.040
0.090
0.170
0.220
0.300
0.360
0.440
0.520
0.560
0.620
0.660
0.710
0.750
0.800
0.840
0.880
0.910
0.940
0.980
1.020
1.060
1.080
1.100
1.120
1.130
1.130
1.160
1.190
1.250
1.290
1.310
1.350
1.360
1.390
1.400
1.420
1.430
1.470
1.480
1.480
1.510
1.520
1.560
1.560
1.530
1.530
1.530
1.530
1.510
1.490
1.490
1.510
1.490
1.480
1.510
1.510
1.510
1.520
1.520
1.520
1.520
1.530
1.560
1.580
1.610
1.620
1.610
1.600
1.570
1.530
1.520
1.490
1.470
1.430
1.420
1.380
1.310
1.250
1.190
1.100
0.990
0.870
0.720
0.560
0.400
0.220
0.080
-0.060
-0.170
-0.280
-0.360
-0.440
-0.520
-0.610
-0.690
-0.780
-0.840
-0.900
-0.950
-1.000
-1.040
-1.090
-1.090
-1.090
-1.120
-1.130
-1.140
-1.140
-1.130
-1.140
-1.160
-1.140
-1.140
-1.170
-1.180
-1.180
-1.210
-1.200
-1.180
-1.180
-1.180
-1.170
-1.160
-1.140
-1.160
-1.130
-1.140
-1.160
-1.130
-1.140
-1.120
-1.120
-1.110
-1.110
-1.080
-1.080
-1.060
-1.060
-1.030
-1.030
-1.020
-0.990
-0.980
-0.970
-0.970
-0.940
-0.930
-0.920
-0.890
-0.880
-0.850
-0.830
-0.810
-0.790
-0.800
-0.790
-0.790
-0.790
-0.780
-0.760
-0.760
-0.750
-0.740
-0.730
-0.710
-0.700
-0.690
-0.670
-0.660
-0.660
-0.660
-0.650
-0.650
-0.640
-0.640
-0.620
-0.610
-0.610
-0.600
-0.600
-0.590
-0.590
-0.590
-0.570
-0.560
-0.560
-0.550
-0.550
-0.540
-0.540
-0.520
-0.510
-0.510
-0.500
-0.480
-0.470
-0.460
-0.450
-0.430
-0.420
-0.400
-0.370
-0.350
-0.320
-0.280
-0.240
-0.190
-0.150
-0.110
-0.060
0.000
0.030
0.080
0.110
0.130
0.170
0.220
0.270
0.350
0.440
0.530
0.610
0.670
0.740
0.780
0.830
0.870
0.910
0.930
0.950
0.980
0.990
1.030
1.060
1.080
1.130
1.160
1.210
1.250
1.290
1.340
1.360
1.390
1.420
1.450
1.430
1.470
1.450
1.450
1.470
1.480
1.510
1.520
1.560
1.610
1.630
1.690
1.710
1.750
1.730
1.760
1.750
1.720
1.710
1.690
1.680
1.620
1.580
1.560
1.520
1.490
1.470
1.450
1.450
1.450
1.480
1.490
1.510
1.510
1.510
1.470
1.400
1.350
1.270
1.200
1.080
1.020
0.910
0.810
0.650
0.450
0.230
0.030
-0.150
-0.340
-0.510
-0.650
-0.780
-0.880
-0.970
-1.030
-1.080
-1.120
-1.160
-1.170
-1.180
-1.170
-1.180
-1.180
-1.200
-1.200
-1.200
-1.200
-1.200
-1.180
-1.170
-1.160
-1.160
-1.160
-1.170
-1.160
-1.160
-1.170
-1.170
-1.160
-1.160
-1.140
-1.160
-1.140
-1.130
-1.120
-1.120
-1.080
-1.070
-1.060
-1.030
-1.020
-1.000
-1.000
-0.990
-0.970
-0.970
-0.930
-0.920
-0.900
-0.880
-0.840
-0.840
-0.830
-0.810
-0.790
-0.790
-0.760
-0.750
-0.730
-0.700
-0.690
-0.670
-0.660
-0.660
-0.660
-0.640
-0.640
-0.620
-0.610
-0.610
-0.600
-0.600
-0.600
-0.600
-0.590
-0.590
-0.570
-0.560
-0.550
-0.540
-0.540
-0.520
-0.510
-0.510
-0.500
-0.480
-0.480
-0.470
-0.470
-0.450
-0.420
-0.380
-0.350
-0.290
-0.270
-0.260
-0.230
-0.180
-0.150
-0.140
-0.110
-0.110
-0.130
-0.130
-0.150
-0.150
-0.150
-0.150
-0.150
-0.170
-0.190
-0.210
-0.230
-0.240
-0.240
-0.240
-0.230
-0.220
-0.210
-0.190
-0.180
-0.170
-0.150
-0.140
-0.110
-0.090
-0.080
-0.080
-0.080
-0.090
-0.090
-0.080
-0.050
0.000
0.120
0.270
0.410
0.550
0.710
0.850
0.970
1.040
1.080
1.150
1.190
1.250
1.300
1.390
1.470
1.510
1.580
1.610
1.630
1.690
1.710
1.720
1.710
1.730
1.760
1.780
1.800
1.840
1.910
1.940
2.010
2.060
2.100
2.130
2.140
2.150
2.150
2.170
2.170
2.190
2.230
2.230
2.260
2.270
2.270
2.260
2.230
2.180
2.150
2.090
2.040
1.930
1.860
1.780
1.670
1.560
1.430
1.270
1.070
0.870
0.650
0.440
0.220
0.040
-0.110
-0.240
-0.360
-0.440
-0.520
-0.580
-0.630
-0.670
-0.690
-0.710
-0.750
-0.790
-0.840
-0.890
-0.930
-0.970
-1.000
-1.040
-1.080
-1.110
-1.130
-1.120
-1.140
-1.160
-1.180
-1.180
-1.200
-1.210
-1.200
-1.200
-1.180
-1.180
-1.180
-1.180
-1.180
-1.180
-1.180
-1.170
-1.180
-1.160
-1.160
-1.140
-1.140
-1.160
-1.130
-1.130
-1.120
-1.090
-1.080
-1.060
-1.040
-1.020
-1.000
-0.970
-0.950
-0.940
-0.940
-0.930
-0.920
-0.900
-0.890
-0.880
-0.860
-0.850
-0.830
-0.810
-0.790
-0.780
-0.750
-0.750
-0.730
-0.710
-0.700
-0.690
-0.660
-0.650
-0.640
-0.640
-0.620
-0.620
-0.620
-0.620
-0.620
-0.610
-0.610
-0.600
-0.600
-0.590
-0.590
-0.570
-0.560
-0.550
-0.540
-0.540
-0.520
-0.510
-0.500
-0.500
-0.480
-0.480
-0.470
-0.460
-0.460
-0.450
-0.430
-0.420
-0.420
-0.410
-0.410
-0.400
-0.400
-0.400
-0.400
-0.400
-0.380
-0.380
-0.360
-0.350
-0.320
-0.280
-0.260
-0.230
-0.210
-0.180
-0.150
-0.140
-0.130
-0.110
-0.110
-0.100
-0.110
-0.130
-0.130
-0.100
-0.080
-0.060
-0.050
-0.040
-0.040
0.000
0.000
0.000
0.030
0.040
0.040
0.040
0.060
0.040
0.030
0.000
0.000
0.000
0.000
0.000
0.000
0.000
0.000
-0.030
0.000
0.000
0.000
0.000
0.000
0.000
0.000
0.000
0.000
0.000
0.000
0.000
0.000
0.000
0.000
0.000
0.000
0.000
0.030
0.030
0.030
0.040
0.030
0.030
0.040
0.040
0.040
0.040
0.060
0.080
0.080
0.080
0.080
0.090
0.120
0.130
0.160
0.170
0.180
0.190
0.190
0.210
0.190
0.190
0.190
0.210
0.250
0.540
0.670
0.760
0.850
0.930
0.970
1.020
1.100
1.210
1.300
1.490
1.620
1.710
1.780
1.820
1.840
1.850
1.890
1.910
1.930
1.940
1.980
2.010
2.040
2.080
2.090
2.100
2.130
2.100
2.080
2.060
2.060
2.060
2.080
2.080
2.140
2.130
2.150
2.150
2.170
2.170
2.170
2.140
2.080
2.020
2.010
1.970
1.940
1.910
1.850
1.800
1.730
1.670
1.570
1.480
1.360
1.200
1.040
0.830
0.590
0.320
0.040
-0.190
-0.420
-0.580
-0.720
-0.820
-0.900
-0.940
-1.000
-1.070
-1.130
-1.180
-1.260
-1.320
-1.360
-1.410
-1.460
-1.480
-1.490
-1.490
-1.490
-1.500
-1.500
-1.490
-1.490
-1.440
-1.370
-1.360
-1.340
-1.340
-1.310
-1.290
-1.260
-1.250
-1.220
-1.200
-1.180
-1.140
-1.130
-1.110
-1.090
-1.070
-1.060
-1.030
-1.020
-0.990
-0.980
-0.950
-0.950
-0.940
-0.930
-0.930
-0.920
-0.900
-0.890
-0.880
-0.860
-0.840
-0.830
-0.810
-0.800
-0.790
-0.760
-0.750
-0.750
-0.740
-0.730
-0.700
-0.690
-0.670
-0.660
-0.660
-0.670
-0.670
-0.670
-0.660
-0.650
-0.640
-0.620
-0.600
-0.590
-0.570
-0.560
-0.550
-0.550
-0.540
-0.520
-0.510
-0.500
-0.480
-0.470
-0.460
-0.450
-0.430
-0.420
-0.410
-0.400
-0.380
-0.360
-0.330
-0.310
-0.280
-0.240
-0.190
-0.140
-0.080
0.000
0.040
0.110
0.170
0.220
0.270
0.310
0.360
0.410
0.450
0.500
0.550
0.580
0.610
0.620
0.650
0.670
0.720
0.760
0.810
0.830
0.870
0.890
0.930
0.950
0.980
1.020
1.030
1.030
1.060
1.070
1.100
1.150
1.170
1.210
1.260
1.310
1.390
1.470
1.520
1.560
1.600
1.600
1.630
1.630
1.670
1.670
1.680
1.710
1.720
1.750
1.760
1.780
1.800
1.810
1.850
1.890
1.910
1.940
1.950
1.980
2.040
2.080
2.100
2.100
2.140
2.100
2.140
2.140
2.130
2.100
2.080
2.080
2.050
2.040
1.980
1.970
1.930
1.890
1.850
1.780
1.730
1.610
1.530
1.430
1.310
1.200
1.070
0.910
0.740
0.550
0.340
0.120
-0.080
-0.270
-0.430
-0.560
-0.670
-0.770
-0.850
-0.890
-0.950
-1.020
-1.060
-1.090
-1.140
-1.170
-1.180
-1.220
-1.250
-1.270
-1.290
-1.310
-1.310
-1.290
-1.270
-1.260
-1.260
-1.220
-1.180
-1.180
-1.180
-1.180
-1.180
-1.180
-1.170
-1.160
-1.140
-1.140
-1.130
-1.130
-1.120
-1.110
-1.090
-1.060
-1.060
-1.020
-1.000
-0.990
-0.980
-0.970
-0.930
-0.930
-0.900
-0.900
-0.890
-0.860
-0.860
-0.850
-0.850
-0.850
-0.850
-0.840
-0.850
-0.850
-0.830
-0.830
-0.810
-0.800
-0.800
-0.800
-0.800
-0.790
-0.790
-0.790
-0.790
-0.760
-0.760
-0.740
-0.740
-0.740
-0.710
-0.710
-0.700
-0.690
-0.690
-0.670
-0.660
-0.660
-0.640
-0.620
-0.610
-0.610
-0.590
-0.590
-0.570
-0.570
-0.550
-0.550
-0.540
-0.540
-0.520
-0.510
-0.510
-0.500
-0.470
-0.450
-0.430
-0.400
-0.370
-0.330
-0.290
-0.240
-0.180
-0.130
-0.050
0.000
0.080
0.160
0.250
0.350
0.450
0.520
0.580
0.650
0.710
0.760
0.830
0.870
0.890
0.940
0.980
1.030
1.080
1.130
1.160
1.190
1.200
1.210
1.200
1.210
1.210
1.240
1.240
1.260
1.270
1.270
1.300
1.300
1.310
1.340
1.350
1.380
1.400
1.400
1.420
1.420
1.420
1.420
1.400
1.380
1.360
1.360
1.360
1.380
1.390
1.420
1.430
1.450
1.480
1.490
1.510
1.520
1.560
1.580
1.580
1.600
1.600
1.600
1.570
1.570
1.520
1.510
1.520
1.490
1.490
1.420
1.390
1.300
1.250
1.190
1.120
1.040
0.950
0.850
0.740
0.580
0.400
0.180
-0.030
-0.230
-0.410
-0.560
-0.670
-0.770
-0.830
-0.880
-0.900
-0.940
-0.980
-1.020
-1.070
-1.130
-1.170
-1.210
-1.250
-1.250
-1.250
-1.260
-1.260
-1.250
-1.250
-1.240
-1.240
-1.220
-1.220
-1.200
-1.200
-1.200
-1.210
-1.210
-1.210
-1.210
-1.220
-1.240
-1.220
-1.210
-1.210
-1.200
-1.200
-1.200
-1.180
-1.170
-1.140
-1.140
-1.120
-1.130
-1.130
-1.140
-1.130
-1.120
-1.090
-1.080
-1.070
-1.040
-1.020
-0.990
-0.980
-0.950
-0.930
-0.930
-0.900
-0.880
-0.850
-0.830
-0.830
-0.840
-0.850
-0.830
-0.810
-0.800
-0.790
-0.760
-0.750
-0.740
-0.710
-0.700
-0.670
-0.660
-0.650
-0.650
-0.620
-0.610
-0.600
-0.590
-0.570
-0.550
-0.520
-0.510
-0.480
-0.450
-0.400
-0.350
-0.310
-0.260
-0.210
-0.170
-0.130
-0.080
-0.030
0.030
0.080
0.120
0.180
0.230
0.300
0.340
0.400
0.440
0.470
0.500
0.530
0.540
0.550
0.550
0.560
0.580
0.580
0.610
0.620
0.650
0.660
0.670
0.670
0.700
0.700
0.700
0.710
0.720
0.750
0.760
0.780
0.810
0.830
0.850
0.870
0.880
0.890
0.910
0.910
0.910
0.910
0.930
0.930
0.930
0.930
0.930
0.940
0.940
0.970
0.970
0.980
0.990
1.020
1.030
1.040
1.060
1.060
1.060
1.070
1.060
1.070
1.070
1.060
1.070
1.060
1.060
1.070
1.080
1.100
1.120
1.080
1.080
1.070
1.060
1.060
1.040
1.060
1.060
1.070
1.080
1.120
1.150
1.170
1.170
1.170
1.170
1.160
1.150
1.130
1.100
1.100
1.100
1.120
1.120
1.100
1.070
1.060
1.020
0.980
0.930
0.890
0.840
0.800
0.720
0.650
0.550
0.430
0.270
0.080
-0.080
-0.270
-0.440
-0.580
-0.730
-0.830
-0.920
-0.970
-1.020
-1.060
-1.080
-1.130
-1.140
-1.170
-1.180
-1.210
-1.220
-1.240
-1.250
-1.250
-1.250
-1.240
-1.250
-1.250
-1.220
-1.200
-1.180
-1.170
-1.170
-1.180
-1.160
-1.140
-1.140
-1.130
-1.130
-1.120
-1.110
-1.110
-1.080
-1.070
-1.060
-1.040
-1.030
-1.000
-0.980
-0.980
-0.950
-0.930
-0.920
-0.900
-0.900
-0.860
-0.860
-0.850
-0.810
-0.800
-0.800
-0.790
-0.780
-0.780
-0.760
-0.750
-0.740
-0.730
-0.730
-0.730
-0.710
-0.710
-0.700
-0.690
-0.670
-0.670
-0.660
-0.640
-0.620
-0.610
-0.590
-0.590
-0.590
-0.590
-0.590
-0.590
-0.590
-0.590
-0.590
-0.570
-0.560
-0.550
-0.540
-0.510
-0.500
-0.470
-0.460
-0.430
-0.410
-0.380
-0.360
-0.330
-0.310
-0.270
-0.240
-0.210
-0.170
-0.150
-0.140
-0.110
-0.100
-0.080
-0.060
-0.040
-0.030
0.000
0.040
0.080
0.130
0.190
0.250
0.280
0.340
0.390
0.440
0.470
0.530
0.580
0.610
0.630
0.660
0.700
0.720
0.760
0.810
0.850
0.890
0.940
0.970
0.990
1.020
1.030
1.040
1.060
1.060
1.060
1.070
1.080
1.100
1.080
1.080
1.070
1.070
1.070
1.060
1.070
1.080
1.100
1.150
1.190
1.240
1.270
1.310
1.360
1.390
1.420
1.420
1.420
1.420
1.420
1.430
1.450
1.450
1.450
1.430
1.430
1.420
1.430
1.430
1.430
1.450
1.480
1.510
1.530
1.560
1.560
1.560
1.560
1.560
1.530
1.490
1.490
1.480
1.470
1.480
1.470
1.470
1.470
1.470
1.470
1.470
1.430
1.450
1.420
1.390
1.350
1.310
1.260
1.210
1.160
1.080
1.020
0.910
0.800
0.630
0.490
0.300
0.080
-0.140
-0.360
-0.520
-0.680
-0.820
-0.950
-1.050
-1.110
-1.160
-1.200
-1.250
-1.270
-1.300
-1.320
-1.300
-1.340
-1.350
-1.350
-1.350
-1.350
-1.350
-1.350
-1.340
-1.320
-1.350
-1.320
-1.310
-1.290
-1.270
-1.260
-1.240
-1.240
-1.210
-1.210
-1.210
-1.180
-1.180
-1.170
-1.160
-1.140
-1.130
-1.110
-1.090
-1.080
-1.070
-1.040
-1.040
-1.020
-1.000
-0.990
-0.980
-0.950
-0.950
-0.930
-0.940
-0.930
-0.920
-0.900
-0.890
-0.890
-0.860
-0.850
-0.840
-0.840
-0.830
-0.830
-0.810
-0.810
-0.800
-0.800
-0.790
-0.780
-0.780
-0.760
-0.740
-0.740
-0.730
-0.710
-0.710
-0.700
-0.690
-0.670
-0.670
-0.660
-0.660
-0.650
-0.650
-0.640
-0.640
-0.610
-0.600
-0.600
-0.590
-0.570
-0.550
-0.540
-0.520
-0.510
-0.500
-0.470
-0.460
-0.430
-0.410
-0.380
-0.370
-0.350
-0.310
-0.280
-0.260
-0.230
-0.190
-0.170
-0.140
-0.090
-0.030
0.040
0.130
0.250
0.350
0.440
0.530
0.610
0.670
0.760
0.830
0.870
0.910
0.970
1.020
1.070
1.120
1.160
1.170
1.210
1.240
1.260
1.250
1.250
1.250
1.240
1.210
1.200
1.170
1.170
1.190
1.170
1.200
1.210
1.240
1.250
1.260
1.260
1.290
1.290
1.300
1.300
1.290
1.290
1.290
1.300
1.300
1.300
1.300
1.300
1.300
1.300
1.270
1.290
1.300
1.290
1.300
1.290
1.300
1.290
1.290
1.260
1.250
1.210
1.190
1.130
1.080
1.030
0.940
0.850
0.710
0.550
0.400
0.190
0.000
-0.190
-0.390
-0.560
-0.710
-0.830
-0.920
-0.980
-1.040
-1.090
-1.140
-1.180
-1.210
-1.260
-1.300
-1.310
-1.340
-1.350
-1.350
-1.320
-1.310
-1.320
-1.320
-1.320
-1.310
-1.310
-1.310
-1.290
-1.270
-1.260
-1.240
-1.210
-1.180
-1.170
-1.140
-1.120
-1.110
-1.090
-1.070
-1.060
-1.040
-1.020
-1.000
-0.980
-0.950
-0.930
-0.900
-0.860
-0.850
-0.840
-0.830
-0.800
-0.790
-0.780
-0.760
-0.750
-0.740
-0.710
-0.690
-0.690
-0.670
-0.660
-0.660
-0.650
-0.640
-0.610
-0.610
-0.590
-0.590
-0.590
-0.570
-0.560
-0.560
-0.550
-0.550
-0.520
-0.520
-0.510
-0.500
-0.500
-0.500
-0.480
-0.480
-0.470
-0.470
-0.460
-0.460
-0.460
-0.450
-0.450
-0.450
-0.450
-0.450
-0.450
-0.430
-0.430
-0.420
-0.420
-0.410
-0.400
-0.380
-0.370
-0.360
-0.350
-0.320
-0.290
-0.260
-0.230
-0.190
-0.150
-0.130
-0.090
-0.050
0.000
0.030
0.080
0.110
0.170
0.220
0.280
0.340
0.400
0.440
0.490
0.520
0.550
0.590
0.620
0.650
0.700
0.740
0.750
0.780
0.810
0.830
0.850
0.870
0.890
0.910
0.940
0.970
0.990
1.020
1.040
1.060
1.060
1.100
1.120
1.150
1.160
1.170
1.200
1.240
1.250
1.260
1.260
1.270
1.270
1.300
1.310
1.340
1.340
1.360
1.360
1.380
1.390
1.390
1.400
1.400
1.400
1.420
1.420
1.450
1.430
1.430
1.450
1.430
1.430
1.420
1.400
1.390
1.400
1.400
1.400
1.390
1.380
1.350
1.300
1.260
1.200
1.150
1.070
0.950
0.810
0.650
0.470
0.270
0.060
-0.130
-0.320
-0.490
-0.630
-0.770
-0.880
-0.960
-1.000
-1.030
-1.070
-1.090
-1.120
-1.130
-1.170
-1.180
-1.180
-1.200
-1.210
-1.210
-1.220
-1.220
-1.220
-1.200
-1.220
-1.180
-1.200
-1.180
-1.180
-1.160
-1.140
-1.130
-1.130
-1.110
-1.090
-1.080
-1.040
-1.040
-1.020
-0.990
-0.950
-0.940
-0.920
-0.890
-0.860
-0.840
-0.830
-0.810
-0.790
-0.780
-0.750
-0.740
-0.730
-0.730
-0.700
-0.700
-0.670
-0.660
-0.660
-0.650
-0.640
-0.640
-0.610
-0.590
-0.590
-0.570
-0.570
-0.570
-0.570
-0.570
-0.570
-0.570
-0.570
-0.570
-0.570
-0.560
-0.550
-0.540
-0.520
-0.500
-0.480
-0.470
-0.470
-0.460
-0.460
-0.450
-0.450
-0.450
-0.430
-0.420
-0.400
-0.370
-0.360
-0.330
-0.320
-0.310
-0.280
-0.270
-0.240
-0.220
-0.180
-0.150
-0.110
-0.060
0.000
0.040
0.090
0.170
0.220
0.300
0.350
0.410
0.440
0.490
0.540
0.590
0.650
0.720
0.800
0.870
0.940
0.980
1.030
1.070
1.120
1.150
1.170
1.200
1.200
1.210
1.250
1.260
1.290
1.300
1.340
1.350
1.390
1.400
1.400
1.400
1.420
1.420
1.400
1.420
1.430
1.430
1.450
1.450
1.470
1.470
1.490
1.480
1.490
1.490
1.490
1.490
1.470
1.450
1.480
1.480
1.480
1.480
1.480
1.470
1.420
1.400
1.380
1.350
1.290
1.270
1.240
1.190
1.150
1.080
1.020
0.930
0.830
0.670
0.530
0.340
0.130
-0.050
-0.240
-0.430
-0.570
-0.710
-0.810
-0.880
-0.930
-0.970
-1.000
-1.020
-1.070
-1.090
-1.120
-1.130
-1.130
-1.140
-1.140
-1.140
-1.130
-1.140
-1.130
-1.140
-1.130
-1.140
-1.110
-1.110
-1.090
-1.080
-1.070
-1.040
-1.030
-1.000
-1.000
-0.980
-0.970
-0.970
-0.950
-0.930
-0.930
-0.920
-0.900
-0.890
-0.860
-0.840
-0.810
-0.790
-0.760
-0.760
-0.740
-0.730
-0.710
-0.700
-0.690
-0.660
-0.650
-0.640
-0.620
-0.610
-0.610
-0.610
-0.600
-0.590
-0.570
-0.560
-0.550
-0.540
-0.510
-0.500
-0.480
-0.460
-0.450
-0.430
-0.420
-0.410
-0.410
-0.380
-0.370
-0.360
-0.330
-0.320
-0.310
-0.280
-0.260
-0.240
-0.220
-0.190
-0.170
-0.150
-0.140
-0.130
-0.110
-0.090
-0.080
-0.050
-0.030
0.000
0.030
0.040
0.080
0.090
0.130
0.190
0.270
0.350
0.430
0.500
0.550
0.610
0.630
0.660
0.710
0.740
0.760
0.800
0.840
0.880
0.910
0.950
0.980
1.020
1.040
1.070
1.120
1.150
1.160
1.170
1.200
1.200
1.210
1.250
1.270
1.290
1.310
1.350
1.360
1.390
1.400
1.420
1.420
1.420
1.430
1.430
1.420
1.400
1.390
1.380
1.350
1.310
1.300
1.270
1.250
1.240
1.190
1.150
1.100
1.070
1.020
0.950
0.880
0.810
0.740
0.650
0.550
0.450
0.340
0.220
0.110
0.000
-0.130
-0.270
-0.390
-0.510
-0.610
-0.710
-0.800
-0.860
-0.920
-0.950
-0.990
-1.020
-1.070
-1.080
-1.090
-1.080
-1.080
-1.090
-1.090
-1.080
-1.080
-1.080
-1.080
-1.070
-1.060
-1.060
-1.040
-1.020
-1.000
-1.020
-0.990
-0.970
-0.950
-0.940
-0.920
-0.920
-0.880
-0.850
-0.840
-0.810
-0.790
-0.780
-0.760
-0.760
-0.740
-0.730
-0.710
-0.690
-0.670
-0.660
-0.650
-0.640
-0.620
-0.600
-0.600
-0.590
-0.570
-0.560
-0.560
-0.550
-0.520
-0.520
-0.500
-0.480
-0.470
-0.460
-0.430
-0.420
-0.400
-0.370
-0.360
-0.350
-0.330
-0.320
-0.290
-0.280
-0.270
-0.260
-0.240
-0.220
-0.210
-0.180
-0.170
-0.150
-0.140
-0.100
-0.080
-0.040
0.000
0.030
0.080
0.120
0.180
0.250
0.310
0.400
0.490
0.540
0.580
0.590
0.620
0.650
0.670
0.720
0.780
0.830
0.870
0.910
0.970
0.990
1.020
1.030
1.040
1.060
1.070
1.080
1.080
1.100
1.100
1.100
1.100
1.120
1.080
1.100
1.120
1.100
1.100
1.100
1.100
1.120
1.120
1.120
1.120
1.120
1.100
1.080
1.080
1.080
1.100
1.130
1.160
1.170
1.240
1.260
1.290
1.300
1.310
1.310
1.340
1.310
1.310
1.300
1.310
1.310
1.310
1.310
1.310
1.310
1.290
1.300
1.310
1.310
1.310
1.350
1.340
1.340
1.350
1.350
1.340
1.310
1.310
1.300
1.290
1.260
1.250
1.200
1.150
1.080
1.020
0.930
0.830
0.700
0.540
0.350
0.160
-0.030
-0.220
-0.370
-0.490
-0.620
-0.730
-0.810
-0.870
-0.920
-0.970
-1.020
-1.060
-1.110
-1.140
-1.170